(3558,287.0)
(1084,73.0)
(3586,453.0)
(1410,145.0)
(3456,602.0)
(3702,374.0)
(3272,394.0)
(3066,55.0)
(4038,20.0)
(1894,1051.0)
(466,34.0)
(1040,1416.0)
(912,17.0)
(2958,219.0)
(140,49.0)
(204,136.0)
(956,37.0)
(3706,188.0)
(2334,7139.0)
(3436,12.0)
(2506,6129.0)
(450,148.0)
(492,1106.0)
(160,1.0)
(1148,1193.0)
(1168,8.0)
(1596,1793.0)
(2594,2229.0)
(1780,77.0)
(2346,451.0)
(3932,25.0)
(1830,49.0)
(2904,734.0)
(1500,217.0)
(460,887.0)
(2664,1888.0)
(3336,21.0)
(1390,8809.0)
(548,224.0)
(1630,760.0)
(1732,741.0)
(2602,14207.0)
(2092,433.0)
(528,51.0)
(1550,550.0)
(1182,1386.0)
(1632,1892.0)
(558,107.0)
(1150,57.0)
(1808,25.0)
(3032,150.0)
(1716,1102.0)
(2938,61.0)
(2912,1199.0)
(944,366.0)
(1046,3.0)
(1280,1637.0)
(1202,11.0)
(2052,4054.0)
(1310,253.0)
(196,56.0)
(1816,4883.0)
(2706,1055.0)
(1158,1161.0)
(3922,1.0)
(3118,328.0)
(338,14.0)
(3858,322.0)
(1176,1.0)
(3296,327.0)
(3568,207.0)
(1144,148.0)
(1670,16.0)
(2192,569.0)
(1098,97.0)
(2718,220.0)
(2180,4209.0)
(266,135.0)
(344,18.0)
(834,550.0)
(1320,967.0)
(1344,2557.0)
(2618,113.0)
(664,100.0)
(2174,4186.0)
(3500,129.0)
(2040,8536.0)
(988,630.0)
(2360,31.0)
(2974,1055.0)
(2762,67.0)
(3918,117.0)
(3270,14.0)
(968,247.0)
(3146,1186.0)
(1940,2986.0)
(1468,400.0)
(3722,268.0)
(2790,17.0)
(1678,42.0)
(836,36.0)
(3490,55.0)
(326,114.0)
(1556,237.0)
(1800,12017.0)
(2246,3026.0)
(2744,46.0)
(1656,130.0)
(3848,14.0)
(2034,12.0)
(208,18.0)
(436,910.0)
(3700,21.0)
(1186,129.0)
(2198,1067.0)
(2366,334.0)
(1906,146.0)
(3910,6.0)
(3520,24.0)
(2070,49.0)
(3000,1953.0)
(3128,37.0)
(2588,2878.0)
(1044,294.0)
(1674,60.0)
(734,109.0)
(536,188.0)
(2398,3546.0)
(1076,5632.0)
(3880,21.0)
(2648,765.0)
(3696,90.0)
(4,39.0)
(2578,11127.0)
(150,31.0)
(3462,127.0)
(3488,607.0)
(3180,27.0)
(1300,298.0)
(1042,73.0)
(2976,336.0)
(3980,146.0)
(3018,181.0)
(152,7.0)
(368,330.0)
(796,14.0)
(2886,35.0)
(236,273.0)
(316,1.0)
(3140,600.0)
(3304,270.0)
(406,4.0)
(612,73.0)
(888,36.0)
(874,20.0)
(3298,432.0)
(162,24.0)
(2368,1872.0)
(4016,6.0)
(1850,211.0)
(2200,11398.0)
(3164,28.0)
(2724,683.0)
(120,3.0)
(1218,42.0)
(1356,105.0)
(994,154.0)
(2352,11359.0)
(166,4.0)
(3328,28.0)
(1922,64.0)
(2332,3484.0)
(3602,86.0)
(1710,74.0)
(3902,409.0)
(3620,72.0)
(1014,2014.0)
(2068,5617.0)
(1688,1853.0)
(2004,775.0)
(1690,1.0)
(1750,4707.0)
(2178,2.0)
(304,575.0)
(1228,136.0)
(496,399.0)
(498,7.0)
(306,36.0)
(2080,21.0)
(2206,15844.0)
(282,1.0)
(1132,5578.0)
(360,477.0)
(3548,14.0)
(3202,43.0)
(1792,9.0)
(1532,540.0)
(52,1.0)
(3374,54.0)
(3870,175.0)
(2928,1711.0)
(298,52.0)
(156,35.0)
(1608,3854.0)
(2518,578.0)
(2132,2455.0)
(702,23.0)
(720,76.0)
(3912,94.0)
(770,123.0)
(2824,15.0)
(1136,290.0)
(3590,226.0)
(1488,4752.0)
(3678,5.0)
(362,94.0)
(862,124.0)
(3658,73.0)
(1066,1199.0)
(2514,27.0)
(2972,117.0)
(432,714.0)
(3398,25.0)
(1290,2050.0)
(1726,60.0)
(4020,15.0)
(3380,87.0)
(966,4139.0)
(694,663.0)
(1898,3008.0)
(280,422.0)
(2528,18.0)
(2426,103.0)
(922,202.0)
(1126,9069.0)
(3470,68.0)
(1050,45.0)
(3846,1.0)
(1004,4294.0)
(3554,125.0)
(446,104.0)
(2868,64.0)
(1992,90.0)
(2646,7085.0)
(42,1.0)
(2930,27.0)
(1730,10205.0)
(2752,9.0)
(3624,46.0)
(3236,126.0)
(3930,359.0)
(488,252.0)
(2288,89.0)
(3946,5.0)
(348,3212.0)
(3524,69.0)
(2322,375.0)
(3220,849.0)
(930,644.0)
(2054,6993.0)
(3274,549.0)
(2412,151.0)
(744,1.0)
(906,1664.0)
(1496,502.0)
(3914,10.0)
(952,2630.0)
(3790,539.0)
(2030,13625.0)
(1268,13.0)
(1418,95.0)
(288,5.0)
(1858,151.0)
(2452,30.0)
(2750,2083.0)
(3416,1041.0)
(3810,264.0)
(2220,14479.0)
(2948,131.0)
(3086,355.0)
(100,22.0)
(482,340.0)
(2906,2278.0)
(332,380.0)
(2550,10336.0)
(2586,13876.0)
(1092,640.0)
(1222,4689.0)
(300,16.0)
(3400,296.0)
(2644,148.0)
(3330,1783.0)
(3186,90.0)
(2696,68.0)
(3496,47.0)
(1988,147.0)
(850,16.0)
(3938,1202.0)
(3644,60.0)
(812,22.0)
(1070,884.0)
(2194,3856.0)
(1294,135.0)
(532,16.0)
(2672,392.0)
(3360,861.0)
(118,338.0)
(3022,1876.0)
(846,9.0)
(858,10.0)
(1196,197.0)
(2338,3974.0)
(658,249.0)
(738,183.0)
(3168,472.0)
(1216,483.0)
(3692,458.0)
(1842,3894.0)
(1622,7217.0)
(2818,26.0)
(1930,44.0)
(3090,2126.0)
(3412,458.0)
(2688,20.0)
(3370,12.0)
(3542,288.0)
(3228,370.0)
(3148,161.0)
(3976,76.0)
(3116,2312.0)
(3378,854.0)
(28,60.0)
(1870,165.0)
(958,255.0)
(2312,102.0)
(354,208.0)
(3196,300.0)
(106,12.0)
(2926,33.0)
(3664,24.0)
(1400,153.0)
(3338,31.0)
(2508,3352.0)
(2802,31.0)
(2820,57.0)
(274,51.0)
(1232,343.0)
(2710,41.0)
(2666,1160.0)
(3742,8.0)
(3796,36.0)
(3882,3.0)
(2008,12.0)
(1252,3.0)
(182,2.0)
(3904,10.0)
(2326,12738.0)
(3132,1994.0)
(1288,2771.0)
(1660,145.0)
(1642,78.0)
(3172,1139.0)
(3394,182.0)
(1024,2230.0)
(1326,1.0)
(3552,15.0)
(3474,92.0)
(3576,423.0)
(2438,1408.0)
(1370,3906.0)
(44,15.0)
(88,64.0)
(2300,4861.0)
(618,145.0)
(3264,267.0)
(3762,85.0)
(670,236.0)
(3466,165.0)
(876,49.0)
(1576,1410.0)
(3010,182.0)
(622,49.0)
(3156,57.0)
(2112,10091.0)
(1448,846.0)
(1802,59.0)
(3408,1.0)
(1818,187.0)
(396,214.0)
(2170,117.0)
(1112,983.0)
(2386,8257.0)
(2256,19.0)
(418,127.0)
(2800,1859.0)
(238,181.0)
(3690,91.0)
(3012,42.0)
(20,72.0)
(3536,22.0)
(268,50.0)
(1788,39.0)
(2548,26.0)
(3760,73.0)
(3040,937.0)
(3832,50.0)
(1794,382.0)
(1214,3015.0)
(3050,56.0)
(1618,130.0)
(1580,2048.0)
(1722,799.0)
(3712,21.0)
(504,276.0)
(2918,143.0)
(614,352.0)
(1904,242.0)
(3062,185.0)
(3218,34.0)
(3248,111.0)
(2524,56.0)
(370,1165.0)
(2142,15165.0)
(552,5.0)
(3804,621.0)
(62,170.0)
(2606,2501.0)
(3438,160.0)
(444,511.0)
(6,14.0)
(3996,3.0)
(620,103.0)
(1718,4237.0)
(3068,83.0)
(86,15.0)
(60,19.0)
(3818,59.0)
(1450,81.0)
(3414,111.0)
(1462,2077.0)
(1778,305.0)
(398,350.0)
(1234,72.0)
(1054,862.0)
(3072,232.0)
(2538,967.0)
(3752,110.0)
(3250,465.0)
(3646,106.0)
(426,85.0)
(262,6.0)
(36,53.0)
(2290,13408.0)
(3046,292.0)
(978,3072.0)
(2446,10401.0)
(924,416.0)
(242,165.0)
(2032,6277.0)
(2558,78.0)
(1890,7.0)
(2244,14863.0)
(2060,4244.0)
(4012,1.0)
(2898,25.0)
(1322,2112.0)
(1616,648.0)
(3440,170.0)
(1952,73.0)
(148,80.0)
(2114,45.0)
(3444,9.0)
(2890,1741.0)
(2662,274.0)
(940,80.0)
(2482,10386.0)
(2120,109.0)
(3244,49.0)
(486,99.0)
(3758,306.0)
(3346,244.0)
(2058,2066.0)
(3906,346.0)
(3770,15.0)
(128,225.0)
(560,233.0)
(2674,1524.0)
(3982,46.0)
(2196,4254.0)
(2860,3.0)
(700,17.0)
(2658,452.0)
(2722,3.0)
(642,1.0)
(1530,3612.0)
(3366,597.0)
(2154,10295.0)
(1230,4312.0)
(2788,1.0)
(960,3013.0)
(3184,859.0)
(580,1274.0)
(3162,560.0)
(3994,38.0)
(778,79.0)
(1426,1260.0)
(1786,2045.0)
(2242,317.0)
(1080,694.0)
(2498,2716.0)
(1330,4077.0)
(1350,305.0)
(2436,3043.0)
(2806,563.0)
(986,41.0)
(1840,26.0)
(3362,1290.0)
(4006,1.0)
(2396,1533.0)
(1880,412.0)
(2304,1278.0)
(2062,1559.0)
(3404,64.0)
(2616,3054.0)
(3788,59.0)
(1876,611.0)
(2486,117.0)
(1658,83.0)
(1752,3944.0)
(452,418.0)
(2234,232.0)
(2362,247.0)
(3746,1.0)
(512,272.0)
(1246,168.0)
(2632,19.0)
(3130,50.0)
(2202,771.0)
(2814,1.0)
(1480,1900.0)
(420,276.0)
(2584,79.0)
(366,1561.0)
(3884,308.0)
(2272,261.0)
(2138,5738.0)
(350,83.0)
(808,31.0)
(1754,774.0)
(2036,140.0)
(3024,30.0)
(1058,11.0)
(3302,376.0)
(1908,17.0)
(842,379.0)
(2188,14047.0)
(3324,1475.0)
(40,383.0)
(1654,17.0)
(2298,68.0)
(1782,1184.0)
(434,297.0)
(3472,88.0)
(2250,3564.0)
(2704,1.0)
(2540,154.0)
(3092,31.0)
(1848,528.0)
(1862,943.0)
(1062,82.0)
(1068,650.0)
(2874,584.0)
(636,188.0)
(3708,101.0)
(96,14.0)
(698,299.0)
(1486,10.0)
(3970,7.0)
(3556,37.0)
(3636,216.0)
(2424,35.0)
(3350,1335.0)
(2280,1163.0)
(1316,396.0)
(2804,17.0)
(2756,634.0)
(1006,5338.0)
(98,617.0)
(814,204.0)
(92,163.0)
(3008,114.0)
(3348,1986.0)
(1406,348.0)
(2370,10360.0)
(3886,224.0)
(3808,1.0)
(2798,2.0)
(72,167.0)
(2410,14926.0)
(1324,533.0)
(2836,123.0)
(2856,52.0)
(3730,265.0)
(1120,850.0)
(1966,10874.0)
(652,6.0)
(854,3.0)
(1852,76.0)
(2088,14572.0)
(84,33.0)
(122,753.0)
(3606,8.0)
(2748,970.0)
(3058,98.0)
(1984,12226.0)
(76,3.0)
(1192,2193.0)
(3422,360.0)
(430,401.0)
(2420,2514.0)
(902,852.0)
(1928,201.0)
(2130,32.0)
(1030,34.0)
(1918,10302.0)
(1796,1562.0)
(2462,3410.0)
(124,3.0)
(984,656.0)
(3214,381.0)
(1340,1356.0)
(2286,155.0)
(948,395.0)
(1420,5411.0)
(8,19.0)
(2394,2700.0)
(2444,109.0)
(2294,4303.0)
(3666,34.0)
(2622,123.0)
(372,58.0)
(3888,23.0)
(820,308.0)
(3964,66.0)
(786,20.0)
(1124,3674.0)
(3318,138.0)
(3340,30.0)
(3190,37.0)
(2968,26.0)
(3824,603.0)
(1772,1186.0)
(600,243.0)
(2774,14.0)
(2224,5234.0)
(2374,11557.0)
(1994,1630.0)
(1178,36.0)
(2582,3589.0)
(2780,490.0)
(1996,5.0)
(3940,40.0)
(3476,89.0)
(910,10.0)
(798,10.0)
(3322,27.0)
(2760,27.0)
(3900,259.0)
(2654,9605.0)
(1920,4816.0)
(1266,59.0)
(2276,9525.0)
(726,390.0)
(1766,473.0)
(3104,1479.0)
(1032,1531.0)
(2480,192.0)
(1298,1562.0)
(2150,13754.0)
(1452,442.0)
(3504,15.0)
(1258,384.0)
(2490,71.0)
(616,80.0)
(1346,10.0)
(3226,1873.0)
(3356,147.0)
(1874,53.0)
(606,1044.0)
(1184,6603.0)
(1686,298.0)
(3890,4.0)
(678,137.0)
(190,3.0)
(3458,117.0)
(2128,2068.0)
(872,20.0)
(378,995.0)
(1396,1059.0)
(1306,173.0)
(176,66.0)
(26,937.0)
(3648,110.0)
(2628,229.0)
(3898,99.0)
(1534,124.0)
(2320,103.0)
(1362,3.0)
(1856,6.0)
(3778,62.0)
(2840,226.0)
(1972,1244.0)
(2146,106.0)
(3310,9.0)
(3386,572.0)
(3108,1407.0)
(376,2310.0)
(294,2.0)
(928,34.0)
(188,514.0)
(2640,970.0)
(2296,325.0)
(3312,71.0)
(2350,192.0)
(634,82.0)
(70,1.0)
(364,29.0)
(2166,18.0)
(3972,122.0)
(3674,358.0)
(2478,2393.0)
(1998,889.0)
(562,7.0)
(3892,71.0)
(2228,214.0)
(1342,28.0)
(1948,4111.0)
(2380,3.0)
(232,186.0)
(1378,424.0)
(3852,133.0)
(3406,926.0)
(2318,361.0)
(240,2.0)
(3482,54.0)
(3694,5.0)
(1832,748.0)
(258,51.0)
(1286,155.0)
(2314,123.0)
(2966,2711.0)
(3934,31.0)
(3956,144.0)
(826,35.0)
(484,1515.0)
(234,1.0)
(1392,458.0)
(3178,85.0)
(2340,14784.0)
(1736,6455.0)
(3460,167.0)
(3194,91.0)
(762,68.0)
(1166,819.0)
(130,43.0)
(2896,670.0)
(1434,60.0)
(3562,97.0)
(1666,128.0)
(518,114.0)
(828,1007.0)
(990,121.0)
(1358,1244.0)
(1552,9.0)
(964,153.0)
(2144,2318.0)
(2316,14.0)
(38,13.0)
(3206,857.0)
(3082,2774.0)
(2430,8679.0)
(1644,1336.0)
(2714,2.0)
(2454,90.0)
(2442,2.0)
(1702,309.0)
(1812,692.0)
(3262,225.0)
(3680,275.0)
(2066,30.0)
(2908,291.0)
(1274,146.0)
(1822,59.0)
(1926,4342.0)
(3142,1038.0)
(3854,1.0)
(3234,264.0)
(2274,526.0)
(2158,36.0)
(3122,34.0)
(886,27.0)
(1860,30.0)
(1614,1353.0)
(3872,40.0)
(1422,44.0)
(3642,130.0)
(1744,392.0)
(3698,103.0)
(2846,238.0)
(1980,982.0)
(1224,1.0)
(898,535.0)
(2534,107.0)
(388,396.0)
(254,123.0)
(296,20.0)
(1026,1814.0)
(2894,768.0)
(3260,184.0)
(1784,109.0)
(3442,362.0)
(1676,86.0)
(822,44.0)
(2388,7.0)
(2500,12707.0)
(2870,84.0)
(1912,30025.0)
(2496,210.0)
(2580,12.0)
(1156,2610.0)
(1332,461.0)
(2536,1470.0)
(3924,433.0)
(2932,333.0)
(248,106.0)
(852,6.0)
(1760,2.0)
(2408,9756.0)
(1064,150.0)
(2698,1454.0)
(178,36.0)
(2342,158.0)
(1504,717.0)
(1276,1.0)
(3076,1367.0)
(3958,18.0)
(1944,268.0)
(3732,1.0)
(3006,1.0)
(3334,31.0)
(704,6.0)
(3756,684.0)
(756,31.0)
(3928,2.0)
(1508,443.0)
(3038,1426.0)
(1090,49.0)
(1844,819.0)
(2106,5.0)
(2702,92.0)
(394,331.0)
(1122,630.0)
(3392,73.0)
(1692,529.0)
(3544,5.0)
(2140,11736.0)
(882,27.0)
(206,3.0)
(3478,109.0)
(2460,11313.0)
(2830,147.0)
(3276,51.0)
(2336,6059.0)
(806,52.0)
(1072,201.0)
(2754,3014.0)
(684,139.0)
(3300,79.0)
(1960,365.0)
(244,1.0)
(3802,93.0)
(2684,268.0)
(2826,14.0)
(1208,3.0)
(1388,2025.0)
(134,121.0)
(970,79.0)
(2328,6609.0)
(2102,5032.0)
(3908,12.0)
(2920,1469.0)
(838,173.0)
(3688,1.0)
(3944,36.0)
(510,140.0)
(3936,14.0)
(272,350.0)
(1584,9207.0)
(202,4.0)
(278,36.0)
(2270,89.0)
(3342,586.0)
(1188,321.0)
(976,199.0)
(816,24.0)
(2590,14403.0)
(718,218.0)
(3292,20.0)
(980,4175.0)
(2056,4239.0)
(1094,29.0)
(2014,37.0)
(666,102.0)
(1974,14.0)
(1458,220.0)
(2284,1014.0)
(2680,839.0)
(2344,3928.0)
(584,62.0)
(3044,11.0)
(2018,872.0)
(1604,5135.0)
(3372,21.0)
(2050,208.0)
(3176,208.0)
(3526,149.0)
(1140,25.0)
(1380,2392.0)
(3430,94.0)
(3182,1072.0)
(1118,480.0)
(3656,163.0)
(2560,13936.0)
(3668,54.0)
(1684,14025.0)
(1134,35.0)
(328,36.0)
(1360,288.0)
(2204,6.0)
(706,144.0)
(1924,13.0)
(3232,2671.0)
(3344,1548.0)
(230,10.0)
(800,356.0)
(2212,8252.0)
(2520,10903.0)
(802,10.0)
(2650,125.0)
(648,1.0)
(3426,2697.0)
(610,9.0)
(1334,2202.0)
(50,31.0)
(2522,49.0)
(2922,3.0)
(1082,1100.0)
(2954,40.0)
(154,1.0)
(1586,3.0)
(3768,132.0)
(422,399.0)
(596,174.0)
(2764,94.0)
(1108,728.0)
(3626,13.0)
(1648,273.0)
(3962,409.0)
(1180,661.0)
(2190,11306.0)
(3608,134.0)
(3432,6.0)
(1610,7576.0)
(2726,81.0)
(3166,387.0)
(2620,983.0)
(374,1135.0)
(1292,1056.0)
(1194,4.0)
(1302,3743.0)
(2530,232.0)
(1212,164.0)
(2118,13749.0)
(2064,13289.0)
(3238,503.0)
(2230,9.0)
(2458,3106.0)
(1544,61.0)
(2134,2495.0)
(1110,1089.0)
(454,3.0)
(4018,19.0)
(2002,2182.0)
(772,104.0)
(2354,12413.0)
(3764,111.0)
(752,463.0)
(586,21.0)
(1724,1072.0)
(428,1754.0)
(1900,204.0)
(1328,121.0)
(464,6.0)
(2422,9.0)
(14,78.0)
(1336,1103.0)
(1338,812.0)
(1494,201.0)
(302,143.0)
(4014,29.0)
(2078,15157.0)
(226,74.0)
(1430,1.0)
(318,29.0)
(1128,2669.0)
(1414,27.0)
(2850,358.0)
(2892,183.0)
(228,3.0)
(1416,3688.0)
(3002,634.0)
(94,154.0)
(192,4.0)
(3518,373.0)
(1282,1336.0)
(2010,2799.0)
(2716,1327.0)
(3192,68.0)
(3710,232.0)
(1304,283.0)
(3566,13.0)
(3240,934.0)
(992,374.0)
(3306,91.0)
(3998,42.0)
(2608,2747.0)
(1404,854.0)
(646,62.0)
(758,117.0)
(2838,6.0)
(3282,1.0)
(696,296.0)
(2108,11243.0)
(3670,160.0)
(1308,109.0)
(2712,485.0)
(58,18.0)
(2116,867.0)
(878,42.0)
(3332,973.0)
(3896,126.0)
(1104,2470.0)
(784,400.0)
(2732,27.0)
(848,103.0)
(2330,872.0)
(4036,1.0)
(2110,748.0)
(1942,405.0)
(1714,8746.0)
(1970,1326.0)
(1592,240.0)
(1190,564.0)
(1296,155.0)
(30,68.0)
(2634,4.0)
(754,260.0)
(1262,1.0)
(2164,3372.0)
(3158,697.0)
(252,839.0)
(2604,14427.0)
(2464,15213.0)
(1020,1055.0)
(688,447.0)
(2822,54.0)
(3418,24.0)
(3294,111.0)
(2600,12291.0)
(506,1280.0)
(2964,33.0)
(592,368.0)
(2626,348.0)
(2910,1977.0)
(3834,16.0)
(470,80.0)
(2924,390.0)
(1932,3373.0)
(3740,243.0)
(3484,57.0)
(1854,1.0)
(3284,1645.0)
(740,12.0)
(2808,3.0)
(3516,86.0)
(3600,8.0)
(1398,556.0)
(1968,393.0)
(3434,2384.0)
(1142,325.0)
(804,61.0)
(2792,3.0)
(2768,118.0)
(4028,1.0)
(2746,83.0)
(1774,351.0)
(1172,3859.0)
(3616,39.0)
(174,5.0)
(1424,109.0)
(2494,496.0)
(3986,26.0)
(1100,1280.0)
(3364,693.0)
(34,6.0)
(2488,342.0)
(3966,475.0)
(1518,33.0)
(2844,118.0)
(2306,5622.0)
(2378,805.0)
(3452,90.0)
(672,25.0)
(2248,109.0)
(1540,783.0)
(682,45.0)
(1826,3101.0)
(1566,89.0)
(3060,1299.0)
(1680,1032.0)
(1682,513.0)
(1454,888.0)
(2668,134.0)
(2956,2201.0)
(2694,2174.0)
(1226,255.0)
(2544,273.0)
(2980,10.0)
(3792,65.0)
(1602,35.0)
(400,1281.0)
(2364,1289.0)
(3534,90.0)
(588,67.0)
(764,220.0)
(2074,10856.0)
(334,193.0)
(1106,114.0)
(224,197.0)
(2678,29.0)
(1200,4.0)
(1470,1405.0)
(2020,10331.0)
(2770,692.0)
(3794,316.0)
(1916,2097.0)
(890,17.0)
(46,10.0)
(1538,1427.0)
(2946,520.0)
(2700,22.0)
(3546,53.0)
(572,6.0)
(1762,6.0)
(1548,491.0)
(3064,1435.0)
(1472,1218.0)
(3280,2212.0)
(1624,320.0)
(1102,926.0)
(2992,1209.0)
(3096,1776.0)
(662,247.0)
(1502,1061.0)
(2210,3790.0)
(1498,10.0)
(3266,27.0)
(312,139.0)
(2186,120.0)
(1888,12842.0)
(936,425.0)
(2564,13364.0)
(1982,41.0)
(3030,22.0)
(158,107.0)
(750,1.0)
(2012,87.0)
(456,950.0)
(1086,7204.0)
(686,1661.0)
(2262,63.0)
(1884,412.0)
(64,20.0)
(1492,39.0)
(2236,264.0)
(3020,118.0)
(3388,25.0)
(3754,15.0)
(2988,1002.0)
(290,75.0)
(1728,341.0)
(508,55.0)
(640,233.0)
(2136,2287.0)
(3716,21.0)
(1354,6.0)
(2876,46.0)
(3492,18.0)
(818,53.0)
(714,56.0)
(1516,7306.0)
(2720,538.0)
(2026,2332.0)
(3724,7.0)
(3254,24.0)
(2324,13755.0)
(3222,56.0)
(2612,248.0)
(116,90.0)
(1708,33.0)
(1170,207.0)
(0,2519.0)
(1366,757.0)
(3080,161.0)
(2880,1225.0)
(102,15.0)
(1914,773.0)
(1620,3119.0)
(3686,6.0)
(542,830.0)
(2168,3.0)
(1720,639.0)
(534,19.0)
(1248,17.0)
(656,3.0)
(1938,13720.0)
(3614,26.0)
(1002,5.0)
(574,35.0)
(2348,9396.0)
(3014,533.0)
(2914,266.0)
(66,92.0)
(1804,8955.0)
(2356,12176.0)
(138,1.0)
(3468,130.0)
(1706,520.0)
(3942,1.0)
(480,10.0)
(1740,393.0)
(530,4.0)
(3124,109.0)
(1528,1244.0)
(3314,108.0)
(3498,132.0)
(3860,421.0)
(1606,323.0)
(3174,1598.0)
(212,107.0)
(1318,476.0)
(1866,221.0)
(2160,116.0)
(3354,34.0)
(2434,2301.0)
(3662,58.0)
(3726,75.0)
(3836,129.0)
(2310,164.0)
(1220,19.0)
(1352,11220.0)
(1242,2719.0)
(1438,458.0)
(3842,363.0)
(330,99.0)
(2000,380.0)
(2734,51.0)
(3766,44.0)
(3572,28.0)
(676,126.0)
(2852,46.0)
(742,29.0)
(3170,204.0)
(3530,15.0)
(194,141.0)
(3540,268.0)
(1408,216.0)
(1600,3584.0)
(2902,21.0)
(2570,81.0)
(1130,1298.0)
(1824,1049.0)
(2156,100.0)
(722,65.0)
(1934,27.0)
(2100,15.0)
(630,262.0)
(1270,1.0)
(2916,2135.0)
(3154,1040.0)
(1012,213.0)
(556,502.0)
(1768,8914.0)
(476,15.0)
(950,26.0)
(2308,10115.0)
(894,5.0)
(1590,1844.0)
(3992,3.0)
(110,10.0)
(3750,209.0)
(322,746.0)
(896,3040.0)
(3070,1170.0)
(2642,3489.0)
(3078,2709.0)
(3714,201.0)
(1078,8336.0)
(1638,391.0)
(218,36.0)
(4026,23.0)
(824,706.0)
(760,310.0)
(2182,23.0)
(56,1047.0)
(2742,2707.0)
(920,31.0)
(2302,4329.0)
(2682,71.0)
(2878,21.0)
(566,1453.0)
(1484,135.0)
(708,206.0)
(2542,13303.0)
(2416,413.0)
(1116,274.0)
(3088,23.0)
(2546,8277.0)
(3838,722.0)
(2474,128.0)
(3278,79.0)
(2936,775.0)
(3826,281.0)
(3960,102.0)
(1578,428.0)
(2516,2466.0)
(3786,115.0)
(1814,27.0)
(768,37.0)
(3034,218.0)
(1562,23.0)
(2994,997.0)
(3894,22.0)
(1776,10.0)
(2532,4962.0)
(3242,35.0)
(3094,17.0)
(2630,11900.0)
(3592,26.0)
(2986,2538.0)
(3618,144.0)
(440,60.0)
(526,1168.0)
(502,43.0)
(1738,188.0)
(2484,6630.0)
(1478,95.0)
(856,235.0)
(2376,11951.0)
(1662,5656.0)
(1074,950.0)
(80,132.0)
(2526,12139.0)
(2384,7842.0)
(1048,2834.0)
(3612,43.0)
(3728,249.0)
(1436,134.0)
(352,195.0)
(3968,494.0)
(1056,1132.0)
(2614,60.0)
(1936,123.0)
(270,5.0)
(1626,239.0)
(2418,5920.0)
(998,21.0)
(2962,63.0)
(90,1.0)
(3584,382.0)
(3950,32.0)
(342,324.0)
(864,8.0)
(1114,312.0)
(2358,11.0)
(3622,42.0)
(2888,65.0)
(2740,1.0)
(1542,1067.0)
(424,110.0)
(2984,112.0)
(3256,467.0)
(200,693.0)
(1440,138.0)
(3198,1118.0)
(3916,11.0)
(142,479.0)
(538,1243.0)
(220,6.0)
(3224,676.0)
(3800,569.0)
(1640,24.0)
(1990,118.0)
(972,167.0)
(250,8.0)
(1456,4846.0)
(2728,356.0)
(2476,368.0)
(2942,22.0)
(710,21.0)
(1756,91.0)
(690,31.0)
(1240,6.0)
(1892,64.0)
(780,323.0)
(2552,5377.0)
(1748,64.0)
(3152,1543.0)
(308,131.0)
(1836,190.0)
(3720,24.0)
(2,40.0)
(3840,59.0)
(554,119.0)
(1138,48.0)
(3844,10.0)
(2172,13671.0)
(1278,428.0)
(946,6639.0)
(3200,39.0)
(3120,1494.0)
(2406,333.0)
(2428,13299.0)
(1512,318.0)
(1038,5.0)
(3926,463.0)
(1554,6460.0)
(748,91.0)
(2046,6608.0)
(3596,1214.0)
(746,25.0)
(1764,222.0)
(2042,3133.0)
(938,334.0)
(716,39.0)
(1464,194.0)
(3290,8.0)
(2970,769.0)
(108,62.0)
(1256,4716.0)
(3632,8.0)
(3862,131.0)
(540,16.0)
(1384,26.0)
(870,15.0)
(2082,73.0)
(410,71.0)
(1236,392.0)
(2024,906.0)
(2990,54.0)
(3582,3.0)
(1524,566.0)
(48,76.0)
(2996,198.0)
(1482,547.0)
(2766,43.0)
(1088,40.0)
(2260,63.0)
(2148,2874.0)
(3188,539.0)
(4034,1.0)
(3580,22.0)
(468,1.0)
(1312,1766.0)
(3028,37.0)
(392,483.0)
(3954,5.0)
(3654,47.0)
(3948,700.0)
(448,3.0)
(478,16.0)
(776,24.0)
(932,975.0)
(68,30.0)
(2556,6960.0)
(386,2.0)
(1260,428.0)
(324,119.0)
(180,144.0)
(1868,4089.0)
(320,101.0)
(1734,763.0)
(408,774.0)
(1036,1148.0)
(996,4.0)
(346,186.0)
(1976,424.0)
(24,108.0)
(520,700.0)
(146,21.0)
(2510,5635.0)
(514,987.0)
(390,12.0)
(934,2468.0)
(2214,154.0)
(1060,755.0)
(3532,43.0)
(1570,3784.0)
(576,89.0)
(1162,19.0)
(3382,124.0)
(810,324.0)
(628,61.0)
(712,39.0)
(3822,250.0)
(2854,239.0)
(3718,218.0)
(3480,199.0)
(3054,1709.0)
(2848,49.0)
(3052,558.0)
(3812,13.0)
(1882,674.0)
(2778,1925.0)
(2960,2182.0)
(954,878.0)
(3502,23.0)
(3704,1.0)
(2254,2580.0)
(22,26.0)
(3672,378.0)
(3258,483.0)
(3538,129.0)
(3420,137.0)
(3772,14.0)
(1838,9.0)
(3208,35.0)
(3638,35.0)
(2882,13.0)
(626,72.0)
(2266,16174.0)
(3358,30.0)
(3320,2207.0)
(3494,3.0)
(2872,1769.0)
(1910,171.0)
(590,43.0)
(136,2821.0)
(1250,4989.0)
(1828,766.0)
(2372,3604.0)
(2392,3466.0)
(2554,3830.0)
(524,1171.0)
(962,154.0)
(1010,253.0)
(2022,792.0)
(216,1.0)
(1636,1712.0)
(884,5.0)
(1402,1689.0)
(246,54.0)
(3816,2.0)
(3126,27.0)
(1946,13839.0)
(2090,14066.0)
(2610,517.0)
(3990,6.0)
(3866,96.0)
(1664,9.0)
(2786,2342.0)
(1198,2468.0)
(2402,74.0)
(3210,41.0)
(736,38.0)
(78,36.0)
(144,74.0)
(2448,267.0)
(3136,443.0)
(494,189.0)
(2708,367.0)
(3056,1606.0)
(404,624.0)
(782,30.0)
(3560,3.0)
(3150,1588.0)
(3780,67.0)
(1264,7.0)
(1758,63.0)
(310,42.0)
(774,321.0)
(2940,1217.0)
(1696,29.0)
(1770,461.0)
(3610,34.0)
(2492,12480.0)
(1428,200.0)
(3744,3.0)
(1374,532.0)
(3512,35.0)
(794,72.0)
(438,1212.0)
(164,2.0)
(1368,38.0)
(1574,848.0)
(2686,126.0)
(1210,357.0)
(3454,24.0)
(3574,67.0)
(2782,2360.0)
(3604,833.0)
(1146,5531.0)
(474,134.0)
(2660,538.0)
(3016,170.0)
(650,206.0)
(2636,534.0)
(1022,5.0)
(2952,2.0)
(3042,86.0)
(1896,14.0)
(3048,44.0)
(1564,74.0)
(2736,10.0)
(1700,85.0)
(730,65.0)
(2016,127.0)
(2772,100.0)
(402,836.0)
(1704,187.0)
(256,1.0)
(462,116.0)
(2086,7777.0)
(4030,63.0)
(3268,1.0)
(1174,110.0)
(3514,476.0)
(3102,929.0)
(1598,4808.0)
(3978,4.0)
(2122,8857.0)
(3246,56.0)
(2098,5755.0)
(1806,223.0)
(3114,442.0)
(2866,1763.0)
(2862,1391.0)
(2028,3882.0)
(172,377.0)
(916,5182.0)
(2472,1657.0)
(2738,1370.0)
(2184,13045.0)
(3212,308.0)
(2950,377.0)
(3134,1.0)
(1864,2796.0)
(284,84.0)
(1956,14.0)
(1672,157.0)
(914,76.0)
(3828,202.0)
(1154,18.0)
(516,139.0)
(830,647.0)
(840,217.0)
(3036,322.0)
(3410,89.0)
(3652,13.0)
(3368,32.0)
(16,24.0)
(2562,36.0)
(2176,3279.0)
(3308,32.0)
(54,16.0)
(286,1.0)
(1978,90.0)
(1790,274.0)
(2124,11475.0)
(2998,2.0)
(380,52.0)
(132,48.0)
(1052,639.0)
(2162,58.0)
(1152,89.0)
(2884,7.0)
(500,1268.0)
(660,3.0)
(10,37.0)
(3578,200.0)
(2152,43.0)
(2404,10583.0)
(2218,15165.0)
(3004,829.0)
(2456,12.0)
(2900,48.0)
(2566,208.0)
(2690,105.0)
(3252,2018.0)
(260,11.0)
(490,48.0)
(844,76.0)
(2278,11302.0)
(314,33.0)
(900,43.0)
(3138,72.0)
(3352,74.0)
(598,100.0)
(3402,63.0)
(2252,44.0)
(3098,1256.0)
(2692,8.0)
(3784,34.0)
(356,2.0)
(2282,6265.0)
(3588,5.0)
(3106,1072.0)
(3630,69.0)
(340,11.0)
(2076,101.0)
(2258,979.0)
(2670,136.0)
(582,205.0)
(1546,3.0)
(2006,899.0)
(3874,83.0)
(1314,248.0)
(2828,1666.0)
(904,2.0)
(170,488.0)
(2038,3570.0)
(3528,409.0)
(1008,9.0)
(2466,43.0)
(732,55.0)
(1652,1885.0)
(1742,1594.0)
(2934,82.0)
(926,107.0)
(3216,14.0)
(1364,49.0)
(3774,122.0)
(2858,45.0)
(2414,12869.0)
(1446,358.0)
(2450,44.0)
(3594,64.0)
(728,319.0)
(2094,19.0)
(2468,8614.0)
(4000,21.0)
(644,174.0)
(112,3.0)
(1284,1018.0)
(3988,13.0)
(1612,8539.0)
(3396,1225.0)
(1514,369.0)
(1028,1425.0)
(184,97.0)
(1412,98.0)
(632,209.0)
(1476,7.0)
(1872,728.0)
(1668,4592.0)
(1962,13589.0)
(3640,486.0)
(974,41.0)
(544,1079.0)
(2512,2798.0)
(2084,6940.0)
(2676,1920.0)
(126,16.0)
(1348,379.0)
(2238,27.0)
(2502,499.0)
(2572,120.0)
(1442,8.0)
(186,471.0)
(832,5.0)
(4004,24.0)
(3598,48.0)
(1254,9.0)
(1594,42.0)
(1958,416.0)
(198,31.0)
(1272,1923.0)
(2226,460.0)
(2810,853.0)
(3506,388.0)
(2656,49.0)
(168,38.0)
(3428,13.0)
(1016,36.0)
(2796,971.0)
(1520,3671.0)
(2730,793.0)
(1950,53.0)
(1510,5.0)
(1954,2159.0)
(2784,101.0)
(82,234.0)
(3486,269.0)
(3390,143.0)
(766,351.0)
(3450,117.0)
(866,7.0)
(222,41.0)
(1394,1.0)
(3424,20.0)
(3144,32.0)
(3510,116.0)
(1810,3093.0)
(3876,35.0)
(214,77.0)
(1474,5.0)
(2638,11285.0)
(472,4.0)
(654,259.0)
(2126,401.0)
(414,1698.0)
(3734,606.0)
(3550,77.0)
(3204,515.0)
(4002,11.0)
(3782,194.0)
(546,228.0)
(1650,73.0)
(1382,689.0)
(1526,114.0)
(1558,1.0)
(336,3.0)
(2568,49.0)
(3952,5.0)
(942,1218.0)
(3736,43.0)
(4032,1.0)
(1372,21.0)
(2598,7477.0)
(2834,29.0)
(1698,115.0)
(1746,9599.0)
(2240,14752.0)
(3376,28.0)
(1572,668.0)
(2592,4533.0)
(1634,362.0)
(3026,2032.0)
(1646,77.0)
(1522,5975.0)
(2832,130.0)
(1986,8969.0)
(32,15.0)
(2222,694.0)
(1238,5335.0)
(2864,1470.0)
(3864,21.0)
(1244,29.0)
(3814,22.0)
(3384,716.0)
(2944,2398.0)
(382,54.0)
(1582,656.0)
(3288,483.0)
(3830,1044.0)
(1820,1280.0)
(1164,272.0)
(3868,121.0)
(2382,1.0)
(412,1603.0)
(1432,921.0)
(3806,11.0)
(2776,11.0)
(3446,40.0)
(2292,5500.0)
(104,302.0)
(458,146.0)
(1886,3173.0)
(3684,769.0)
(868,6.0)
(3776,121.0)
(1902,4485.0)
(2812,56.0)
(1034,3.0)
(1568,375.0)
(1588,161.0)
(2624,13518.0)
(1018,759.0)
(2816,46.0)
(1506,26.0)
(3160,217.0)
(3448,510.0)
(1376,7981.0)
(568,29.0)
(2268,3638.0)
(2440,277.0)
(578,249.0)
(2232,1153.0)
(2208,158.0)
(3110,48.0)
(908,222.0)
(3628,133.0)
(3850,122.0)
(790,5.0)
(1712,3373.0)
(2104,12929.0)
(594,10.0)
(3316,591.0)
(2794,131.0)
(264,10.0)
(442,44.0)
(3326,36.0)
(3074,14.0)
(3112,51.0)
(3522,18.0)
(2096,158.0)
(1000,64.0)
(982,1432.0)
(1204,2455.0)
(2978,132.0)
(570,298.0)
(1798,450.0)
(2400,128.0)
(2044,211.0)
(1878,339.0)
(2072,4696.0)
(1846,303.0)
(1694,233.0)
(2652,1047.0)
(3738,183.0)
(3920,105.0)
(2574,4336.0)
(792,162.0)
(2432,292.0)
(3660,7.0)
(1628,1824.0)
(3464,191.0)
(416,121.0)
(3100,203.0)
(2982,100.0)
(1160,2149.0)
(2758,364.0)
(680,196.0)
(3508,120.0)
(3878,27.0)
(3084,1267.0)
(788,4.0)
(2216,7420.0)
(564,26.0)
(1444,246.0)
(2390,980.0)
(724,524.0)
(276,115.0)
(2576,625.0)
(2048,53.0)
(1536,873.0)
(3634,170.0)
(1460,474.0)
(1490,34.0)
(2264,1506.0)
(2504,9270.0)
(3286,131.0)
(3564,64.0)
(880,23.0)
(604,370.0)
(1964,1149.0)
(3676,10.0)
(3682,20.0)
(384,5.0)
(522,42.0)
