(1687,361.0)
(3007,129.0)
(3155,38.0)
(667,3.0)
(3197,22.0)
(1053,11.0)
(2493,12.0)
(1325,101.0)
(3517,97.0)
(3339,1551.0)
(3877,558.0)
(3809,74.0)
(291,240.0)
(1,57.0)
(3973,24.0)
(931,71.0)
(755,103.0)
(1813,5145.0)
(2335,230.0)
(1393,691.0)
(2021,396.0)
(1419,65.0)
(3949,20.0)
(2797,233.0)
(3165,14.0)
(2117,4339.0)
(355,354.0)
(1717,4929.0)
(3139,104.0)
(131,21.0)
(3449,555.0)
(347,17.0)
(2351,4066.0)
(2541,1.0)
(293,3.0)
(93,24.0)
(3789,18.0)
(3903,102.0)
(2325,1174.0)
(3611,693.0)
(453,5.0)
(3487,25.0)
(1031,5.0)
(1377,8146.0)
(1005,83.0)
(2387,628.0)
(3161,7.0)
(1075,1641.0)
(2511,5553.0)
(1363,183.0)
(3351,1889.0)
(1297,13.0)
(2721,15.0)
(79,62.0)
(3513,12.0)
(2657,935.0)
(603,122.0)
(2909,1518.0)
(541,26.0)
(1749,34.0)
(2235,1448.0)
(3835,245.0)
(741,81.0)
(2239,571.0)
(3191,287.0)
(2787,333.0)
(2615,13259.0)
(83,18.0)
(1017,5829.0)
(3109,101.0)
(735,8.0)
(423,799.0)
(1279,708.0)
(1567,284.0)
(2439,33.0)
(1289,2373.0)
(831,64.0)
(1225,271.0)
(2135,2756.0)
(95,13.0)
(379,1.0)
(1641,32.0)
(3169,1339.0)
(2251,15.0)
(2133,5325.0)
(3963,12.0)
(4037,4.0)
(3901,13.0)
(959,672.0)
(987,6.0)
(259,19.0)
(759,28.0)
(1977,30.0)
(3457,10.0)
(2293,1172.0)
(7,82.0)
(961,21.0)
(2187,6651.0)
(1035,143.0)
(675,228.0)
(1319,323.0)
(1405,353.0)
(2867,1613.0)
(695,422.0)
(2961,20.0)
(491,47.0)
(2205,70.0)
(2669,2503.0)
(1407,367.0)
(2555,5537.0)
(417,1116.0)
(1373,1188.0)
(2875,637.0)
(2683,1302.0)
(3957,121.0)
(359,176.0)
(2415,718.0)
(685,104.0)
(1947,4060.0)
(1155,443.0)
(1565,504.0)
(3499,82.0)
(3293,927.0)
(2279,5117.0)
(3919,65.0)
(3737,391.0)
(791,18.0)
(1431,10441.0)
(3497,176.0)
(1187,114.0)
(1555,270.0)
(2175,20.0)
(1883,57.0)
(2247,4201.0)
(3703,68.0)
(2819,77.0)
(269,7.0)
(483,4294.0)
(2591,3985.0)
(1013,25.0)
(2017,8.0)
(2613,394.0)
(3061,53.0)
(2837,56.0)
(3045,14.0)
(2581,83.0)
(1157,8.0)
(2281,27.0)
(1175,3901.0)
(1369,399.0)
(1755,1.0)
(601,125.0)
(1623,3183.0)
(393,21.0)
(2361,352.0)
(2653,1976.0)
(2059,14429.0)
(1109,350.0)
(1243,3441.0)
(3067,21.0)
(935,11.0)
(123,106.0)
(2515,63.0)
(3323,10.0)
(197,89.0)
(177,42.0)
(2985,1249.0)
(3653,6.0)
(2507,14858.0)
(2641,103.0)
(1481,76.0)
(4025,6.0)
(3533,61.0)
(1413,1086.0)
(1987,388.0)
(3569,233.0)
(727,176.0)
(2917,110.0)
(219,11.0)
(3997,41.0)
(2829,256.0)
(305,1.0)
(1417,7.0)
(173,16.0)
(821,27.0)
(1181,2716.0)
(3051,1881.0)
(671,9.0)
(3541,61.0)
(3655,95.0)
(3971,465.0)
(2891,140.0)
(1135,1351.0)
(159,57.0)
(3133,29.0)
(2367,640.0)
(1981,1159.0)
(857,28.0)
(3529,243.0)
(2451,3661.0)
(587,41.0)
(2571,222.0)
(1133,10.0)
(2513,88.0)
(3519,115.0)
(117,7.0)
(2023,149.0)
(2297,476.0)
(3783,76.0)
(3811,3.0)
(1795,2328.0)
(2661,2272.0)
(245,7.0)
(2103,12797.0)
(3337,130.0)
(1205,2879.0)
(559,1726.0)
(1799,6269.0)
(3685,86.0)
(3073,954.0)
(2801,36.0)
(163,8.0)
(3713,246.0)
(1117,4207.0)
(2321,8.0)
(2151,2739.0)
(2497,154.0)
(3083,35.0)
(573,284.0)
(487,326.0)
(4005,3.0)
(517,1888.0)
(129,19.0)
(1271,2994.0)
(3879,1.0)
(1123,1133.0)
(1911,232.0)
(1545,265.0)
(1933,36.0)
(3549,54.0)
(635,206.0)
(3207,407.0)
(171,50.0)
(2739,174.0)
(3137,465.0)
(3983,1.0)
(2005,9710.0)
(399,26.0)
(3435,675.0)
(2121,10271.0)
(2183,5458.0)
(2527,4.0)
(679,18.0)
(1483,2461.0)
(1651,6.0)
(1207,1742.0)
(543,97.0)
(1603,6143.0)
(2629,5009.0)
(1231,1452.0)
(981,824.0)
(2671,15.0)
(977,182.0)
(299,130.0)
(1769,169.0)
(2893,12.0)
(217,23.0)
(539,74.0)
(3029,790.0)
(139,35.0)
(1865,25.0)
(3575,3.0)
(1139,173.0)
(1809,3740.0)
(2425,315.0)
(3357,42.0)
(533,8.0)
(1003,2368.0)
(3095,45.0)
(2697,62.0)
(1265,267.0)
(2053,3937.0)
(3743,128.0)
(1681,186.0)
(897,827.0)
(1759,12.0)
(3539,12.0)
(165,33.0)
(1959,3883.0)
(2749,774.0)
(1365,559.0)
(2717,1093.0)
(3823,27.0)
(3793,401.0)
(3857,53.0)
(2123,14982.0)
(2561,9502.0)
(1919,945.0)
(2113,35.0)
(1935,828.0)
(2245,19.0)
(2809,85.0)
(633,80.0)
(3493,123.0)
(1227,1815.0)
(1573,1931.0)
(3105,32.0)
(1011,285.0)
(3039,185.0)
(3785,101.0)
(2689,1262.0)
(3855,51.0)
(1163,3252.0)
(2111,8156.0)
(2137,780.0)
(3447,9.0)
(435,27.0)
(975,1042.0)
(1293,791.0)
(3445,21.0)
(3511,44.0)
(3345,864.0)
(3535,76.0)
(441,26.0)
(699,1.0)
(3873,363.0)
(401,1.0)
(2043,11845.0)
(3885,1.0)
(3321,962.0)
(2185,89.0)
(1459,2353.0)
(3013,187.0)
(1443,30.0)
(3571,109.0)
(2701,268.0)
(2923,25.0)
(1691,1192.0)
(2673,263.0)
(1791,4384.0)
(2539,8170.0)
(2679,2011.0)
(2481,2.0)
(2885,6.0)
(1079,4563.0)
(1511,246.0)
(3579,113.0)
(2889,109.0)
(1569,364.0)
(1209,1770.0)
(1095,115.0)
(3921,288.0)
(461,815.0)
(879,11.0)
(2537,2656.0)
(805,803.0)
(3717,3.0)
(3257,482.0)
(817,154.0)
(151,19.0)
(1821,273.0)
(767,20.0)
(319,19.0)
(3931,77.0)
(2161,2043.0)
(1253,3.0)
(3317,21.0)
(2055,2197.0)
(3053,38.0)
(1375,1758.0)
(1473,369.0)
(639,30.0)
(913,290.0)
(1771,151.0)
(2047,6406.0)
(175,58.0)
(497,1340.0)
(743,3.0)
(1785,149.0)
(2295,192.0)
(1141,106.0)
(3927,84.0)
(969,374.0)
(3719,113.0)
(1389,774.0)
(1915,33.0)
(1495,1170.0)
(199,510.0)
(2907,342.0)
(1549,357.0)
(3481,84.0)
(2149,4976.0)
(583,260.0)
(1899,1670.0)
(145,1.0)
(2343,2294.0)
(709,98.0)
(25,677.0)
(2449,544.0)
(2789,75.0)
(3847,27.0)
(1153,5353.0)
(471,312.0)
(627,249.0)
(833,38.0)
(3799,42.0)
(2839,3719.0)
(3077,444.0)
(3283,108.0)
(993,6061.0)
(1381,292.0)
(3631,30.0)
(2167,10.0)
(431,1248.0)
(3121,4.0)
(391,961.0)
(1713,3.0)
(1643,3168.0)
(1487,548.0)
(2447,761.0)
(475,2030.0)
(1715,1281.0)
(1259,511.0)
(3675,83.0)
(2533,3373.0)
(2301,29.0)
(2259,852.0)
(2575,7589.0)
(349,9.0)
(549,11.0)
(939,79.0)
(2883,37.0)
(3573,109.0)
(445,181.0)
(45,48.0)
(3797,450.0)
(3151,36.0)
(2095,9484.0)
(3841,347.0)
(1457,1394.0)
(1953,6502.0)
(2417,1270.0)
(2557,266.0)
(2475,3187.0)
(853,530.0)
(1781,124.0)
(2509,4867.0)
(1815,179.0)
(3955,3.0)
(281,89.0)
(753,48.0)
(2207,117.0)
(2329,6343.0)
(2203,3023.0)
(1861,2307.0)
(3035,1999.0)
(1285,1156.0)
(3707,132.0)
(3415,149.0)
(1521,15.0)
(1701,15.0)
(3933,134.0)
(2795,76.0)
(1301,8.0)
(2453,43.0)
(1841,821.0)
(2971,4.0)
(1803,163.0)
(1201,1068.0)
(2941,30.0)
(3779,52.0)
(1191,3206.0)
(3405,39.0)
(493,757.0)
(1517,424.0)
(1637,2415.0)
(1753,2141.0)
(1663,11452.0)
(1827,8933.0)
(3531,26.0)
(3887,4.0)
(1147,5.0)
(2199,7369.0)
(893,5.0)
(2901,1108.0)
(3223,101.0)
(2073,14513.0)
(3371,89.0)
(3209,191.0)
(3871,27.0)
(3315,61.0)
(373,1678.0)
(369,150.0)
(1527,25.0)
(3837,116.0)
(3255,204.0)
(3547,26.0)
(3215,79.0)
(3325,132.0)
(1501,68.0)
(2051,26.0)
(1957,542.0)
(2027,664.0)
(1871,1659.0)
(2691,3.0)
(2785,330.0)
(17,57.0)
(659,249.0)
(2331,13535.0)
(861,40.0)
(3015,14.0)
(3753,202.0)
(3577,663.0)
(3319,108.0)
(2427,194.0)
(3651,286.0)
(1989,3189.0)
(3353,576.0)
(2863,1865.0)
(3893,8.0)
(2119,52.0)
(367,235.0)
(331,100.0)
(1889,49.0)
(77,9.0)
(775,1.0)
(3683,80.0)
(3063,46.0)
(1575,83.0)
(283,6.0)
(429,38.0)
(3985,11.0)
(1971,11976.0)
(2693,49.0)
(2035,238.0)
(1583,2259.0)
(3693,235.0)
(1467,4087.0)
(3725,128.0)
(1199,10497.0)
(851,6.0)
(2163,285.0)
(3385,366.0)
(3171,55.0)
(1425,207.0)
(3659,23.0)
(1475,1314.0)
(3981,25.0)
(787,210.0)
(547,286.0)
(4031,24.0)
(701,123.0)
(363,1457.0)
(645,242.0)
(2857,1.0)
(4033,3.0)
(3259,142.0)
(1823,4810.0)
(1801,167.0)
(419,579.0)
(1551,7086.0)
(345,78.0)
(711,135.0)
(3341,127.0)
(1873,661.0)
(3807,1.0)
(885,24.0)
(1579,9.0)
(263,20.0)
(2845,152.0)
(1219,928.0)
(1477,14.0)
(2143,2679.0)
(1563,3452.0)
(1833,9086.0)
(2879,112.0)
(3347,1489.0)
(3527,179.0)
(1025,162.0)
(3593,390.0)
(771,46.0)
(3505,147.0)
(1671,191.0)
(2009,573.0)
(3891,140.0)
(3705,239.0)
(1997,7663.0)
(3665,12.0)
(849,195.0)
(3043,44.0)
(1055,70.0)
(2627,591.0)
(3145,1049.0)
(1709,694.0)
(2781,864.0)
(3555,58.0)
(2767,15.0)
(847,246.0)
(351,8.0)
(589,133.0)
(3695,97.0)
(3429,9.0)
(3411,675.0)
(1353,2.0)
(469,123.0)
(2827,1670.0)
(507,1032.0)
(2271,12695.0)
(3911,21.0)
(181,39.0)
(571,3.0)
(3543,19.0)
(1693,2.0)
(3243,253.0)
(3821,96.0)
(3413,3.0)
(1585,86.0)
(2025,342.0)
(2763,905.0)
(3249,35.0)
(3585,17.0)
(1037,329.0)
(3441,8.0)
(3767,16.0)
(3923,17.0)
(3889,96.0)
(2197,118.0)
(907,33.0)
(1379,995.0)
(193,7.0)
(2383,171.0)
(2733,184.0)
(513,1653.0)
(937,18.0)
(707,28.0)
(2633,602.0)
(1171,51.0)
(2871,282.0)
(2433,8958.0)
(2441,6.0)
(3305,7.0)
(2881,295.0)
(3019,673.0)
(3185,1312.0)
(449,26.0)
(279,1.0)
(2411,189.0)
(2109,7702.0)
(2835,542.0)
(3263,291.0)
(2703,131.0)
(3991,2.0)
(1007,58.0)
(3011,287.0)
(773,366.0)
(1727,155.0)
(3057,48.0)
(3021,918.0)
(2041,12.0)
(1203,20.0)
(643,243.0)
(1729,1479.0)
(2731,265.0)
(3975,101.0)
(53,178.0)
(3501,648.0)
(2257,9347.0)
(3521,414.0)
(3553,233.0)
(1789,3085.0)
(943,28.0)
(3401,28.0)
(2429,2336.0)
(2859,75.0)
(763,55.0)
(3819,67.0)
(69,29.0)
(1081,326.0)
(3775,12.0)
(2265,37.0)
(91,19.0)
(1233,1.0)
(2551,9509.0)
(1653,1858.0)
(2637,340.0)
(119,543.0)
(2707,38.0)
(3463,177.0)
(3629,328.0)
(511,326.0)
(3989,7.0)
(1023,15.0)
(477,46.0)
(2001,1120.0)
(1867,4062.0)
(1737,2140.0)
(3099,32.0)
(1089,68.0)
(1121,180.0)
(3563,80.0)
(3639,65.0)
(653,211.0)
(925,6483.0)
(757,3.0)
(2757,1865.0)
(3087,386.0)
(1291,3875.0)
(2057,584.0)
(3173,33.0)
(3557,326.0)
(2479,914.0)
(2777,1917.0)
(2727,33.0)
(273,36.0)
(2609,1103.0)
(523,530.0)
(3327,247.0)
(3079,399.0)
(3261,703.0)
(3187,255.0)
(999,1969.0)
(1607,6.0)
(2519,455.0)
(2241,4649.0)
(3645,60.0)
(921,3208.0)
(839,60.0)
(1183,270.0)
(1811,1274.0)
(3329,53.0)
(1063,188.0)
(899,3.0)
(1091,128.0)
(1267,4449.0)
(1387,18.0)
(3881,58.0)
(3599,308.0)
(1619,3789.0)
(3925,9.0)
(3801,2.0)
(895,12.0)
(2505,10.0)
(2311,993.0)
(1863,442.0)
(2945,779.0)
(1367,6898.0)
(295,24.0)
(2179,3725.0)
(1877,1349.0)
(361,160.0)
(3135,359.0)
(1303,671.0)
(2115,7749.0)
(2181,55.0)
(881,16.0)
(4029,1.0)
(609,218.0)
(3275,83.0)
(3181,27.0)
(297,216.0)
(723,48.0)
(3859,6.0)
(641,665.0)
(529,31.0)
(1547,4559.0)
(1685,2334.0)
(1625,224.0)
(1239,25.0)
(1591,1698.0)
(235,8.0)
(1415,245.0)
(909,42.0)
(1449,2287.0)
(1471,6879.0)
(2303,255.0)
(3479,97.0)
(2145,356.0)
(3625,352.0)
(3509,161.0)
(247,2.0)
(2979,37.0)
(3673,3.0)
(1535,1216.0)
(2877,2556.0)
(1441,74.0)
(2531,128.0)
(2209,409.0)
(3359,88.0)
(3967,86.0)
(1669,5143.0)
(1061,37.0)
(2377,2732.0)
(1045,39.0)
(3291,2385.0)
(2751,191.0)
(2989,830.0)
(681,223.0)
(697,556.0)
(945,6.0)
(3715,84.0)
(3277,1461.0)
(2131,14441.0)
(3727,9.0)
(1639,1520.0)
(2385,997.0)
(1893,1568.0)
(1695,299.0)
(2793,2156.0)
(2981,137.0)
(1875,192.0)
(3597,3.0)
(3657,66.0)
(3907,227.0)
(565,125.0)
(2037,10363.0)
(3149,1272.0)
(3369,349.0)
(2895,19.0)
(3037,3.0)
(2083,8814.0)
(3269,20.0)
(3945,231.0)
(3523,84.0)
(1969,6.0)
(1773,191.0)
(2593,13429.0)
(137,64.0)
(229,8.0)
(953,3193.0)
(783,98.0)
(3899,21.0)
(3297,1333.0)
(231,95.0)
(1507,351.0)
(3119,1129.0)
(3439,27.0)
(2651,13.0)
(2611,14261.0)
(2825,57.0)
(2407,3395.0)
(149,71.0)
(3473,110.0)
(655,12.0)
(3125,1.0)
(3551,20.0)
(1629,182.0)
(1087,12.0)
(997,2597.0)
(2085,187.0)
(1679,197.0)
(2559,11073.0)
(3163,150.0)
(3697,129.0)
(109,353.0)
(1397,75.0)
(167,19.0)
(3965,6.0)
(3735,108.0)
(3241,127.0)
(3425,32.0)
(3765,6.0)
(2391,1578.0)
(3127,14.0)
(2255,34.0)
(903,439.0)
(1983,13872.0)
(1051,471.0)
(3081,85.0)
(2925,1667.0)
(1411,30.0)
(2309,14404.0)
(1489,181.0)
(1539,1934.0)
(2939,1510.0)
(227,57.0)
(1351,1653.0)
(223,253.0)
(3471,166.0)
(669,414.0)
(2423,10847.0)
(2347,16863.0)
(1649,353.0)
(101,142.0)
(3637,7.0)
(153,1.0)
(807,137.0)
(3833,289.0)
(3917,87.0)
(3427,31.0)
(2097,546.0)
(289,5.0)
(383,2.0)
(2489,4933.0)
(3567,82.0)
(459,37.0)
(1787,447.0)
(1327,392.0)
(3377,266.0)
(2927,2071.0)
(3961,15.0)
(3093,61.0)
(3239,1311.0)
(1299,290.0)
(495,155.0)
(1627,3.0)
(341,51.0)
(1543,277.0)
(2919,1365.0)
(2065,199.0)
(2977,373.0)
(4027,11.0)
(1323,1800.0)
(3507,17.0)
(2861,37.0)
(41,129.0)
(409,356.0)
(3739,88.0)
(2687,160.0)
(2887,431.0)
(2359,9195.0)
(971,353.0)
(261,334.0)
(1485,612.0)
(2455,63.0)
(1491,4800.0)
(1395,1.0)
(213,225.0)
(2521,8145.0)
(1965,88.0)
(2201,13984.0)
(1613,7908.0)
(2283,6595.0)
(877,6.0)
(3647,25.0)
(3829,242.0)
(2365,938.0)
(1251,54.0)
(3667,140.0)
(425,96.0)
(1333,445.0)
(1975,234.0)
(1991,814.0)
(3773,75.0)
(1039,238.0)
(1263,7.0)
(2525,369.0)
(1571,903.0)
(1223,79.0)
(325,446.0)
(2743,631.0)
(407,56.0)
(927,1614.0)
(1751,896.0)
(2237,6449.0)
(4013,12.0)
(1021,1084.0)
(765,67.0)
(1455,10.0)
(3397,2408.0)
(179,2.0)
(2483,3.0)
(2619,10646.0)
(3681,35.0)
(983,1322.0)
(3361,39.0)
(133,90.0)
(2233,15471.0)
(949,171.0)
(1955,2871.0)
(3459,41.0)
(1917,13635.0)
(951,72.0)
(3235,21.0)
(1041,525.0)
(2635,126.0)
(3909,113.0)
(1783,1972.0)
(1655,967.0)
(1703,811.0)
(3995,17.0)
(1423,1069.0)
(1887,45.0)
(687,203.0)
(485,10.0)
(3265,832.0)
(2253,9889.0)
(2831,78.0)
(2933,60.0)
(3419,1138.0)
(3233,608.0)
(3677,490.0)
(1105,5.0)
(1805,96.0)
(1249,84.0)
(2465,1518.0)
(2289,5642.0)
(1985,14670.0)
(3107,253.0)
(537,513.0)
(233,1.0)
(2681,555.0)
(3355,860.0)
(3951,339.0)
(1761,3726.0)
(3333,16.0)
(2191,2897.0)
(4019,21.0)
(3787,8.0)
(3605,411.0)
(147,14.0)
(451,211.0)
(1831,226.0)
(315,487.0)
(3455,341.0)
(3751,13.0)
(3589,1.0)
(3621,26.0)
(2573,9603.0)
(3875,1.0)
(1907,313.0)
(1445,19.0)
(1925,6379.0)
(1661,1488.0)
(1721,4075.0)
(3229,60.0)
(2405,77.0)
(2869,1170.0)
(3791,121.0)
(195,36.0)
(443,1.0)
(3383,59.0)
(2949,87.0)
(1255,4200.0)
(2305,95.0)
(3423,110.0)
(21,726.0)
(577,220.0)
(3661,10.0)
(321,3.0)
(715,42.0)
(403,127.0)
(967,2764.0)
(3303,252.0)
(2323,12828.0)
(3467,3.0)
(1973,1119.0)
(815,402.0)
(2397,206.0)
(799,30.0)
(2081,7239.0)
(637,1253.0)
(3869,212.0)
(489,192.0)
(2517,15.0)
(3391,968.0)
(1165,80.0)
(1029,1319.0)
(1677,377.0)
(599,229.0)
(2605,76.0)
(2747,45.0)
(855,6.0)
(1851,404.0)
(929,9.0)
(2929,685.0)
(3831,138.0)
(2159,774.0)
(4007,6.0)
(1731,24.0)
(1099,1102.0)
(1689,4305.0)
(1961,12.0)
(2487,27.0)
(3195,1545.0)
(2709,27.0)
(1505,206.0)
(387,429.0)
(2963,4.0)
(2987,212.0)
(1125,4221.0)
(1635,404.0)
(2587,92.0)
(375,126.0)
(1049,1858.0)
(3177,297.0)
(3747,129.0)
(3495,599.0)
(835,121.0)
(1383,6.0)
(127,88.0)
(1399,8009.0)
(275,39.0)
(3123,314.0)
(1597,3753.0)
(3537,4.0)
(1945,6321.0)
(2897,908.0)
(2263,17.0)
(827,473.0)
(919,351.0)
(1825,221.0)
(251,71.0)
(1509,4429.0)
(2413,108.0)
(9,634.0)
(3251,28.0)
(2011,556.0)
(2865,261.0)
(3253,383.0)
(651,851.0)
(3623,116.0)
(3461,19.0)
(1359,1909.0)
(1229,660.0)
(467,6.0)
(3805,5.0)
(397,345.0)
(3679,35.0)
(1107,5289.0)
(1949,16.0)
(631,41.0)
(3969,194.0)
(863,49.0)
(1843,402.0)
(2101,1582.0)
(3845,130.0)
(2649,4707.0)
(1699,356.0)
(501,26.0)
(1437,774.0)
(869,19.0)
(3049,1680.0)
(3761,150.0)
(3641,38.0)
(3999,4.0)
(2147,439.0)
(2141,231.0)
(2459,540.0)
(499,3.0)
(1531,53.0)
(2193,38.0)
(3825,101.0)
(3491,148.0)
(3863,39.0)
(267,1.0)
(327,6.0)
(3379,163.0)
(3017,814.0)
(3201,2182.0)
(1337,152.0)
(683,370.0)
(415,172.0)
(2529,343.0)
(1673,431.0)
(3417,1904.0)
(1891,1620.0)
(1849,4305.0)
(2091,252.0)
(2071,4910.0)
(103,66.0)
(1149,3040.0)
(3749,14.0)
(1065,1.0)
(905,60.0)
(2069,10536.0)
(1605,2444.0)
(2067,287.0)
(3211,62.0)
(343,97.0)
(1245,589.0)
(2713,226.0)
(1235,2524.0)
(33,1.0)
(2495,8358.0)
(23,23.0)
(1853,56.0)
(1221,926.0)
(1979,11670.0)
(1659,2134.0)
(2213,4429.0)
(3025,673.0)
(3131,27.0)
(3,86.0)
(3285,213.0)
(3287,456.0)
(3515,26.0)
(1537,46.0)
(271,1017.0)
(1743,142.0)
(3189,97.0)
(2019,117.0)
(2107,180.0)
(1287,1555.0)
(557,327.0)
(2959,119.0)
(1321,142.0)
(1347,1468.0)
(2291,87.0)
(121,31.0)
(1167,228.0)
(1177,46.0)
(2031,632.0)
(1697,16.0)
(1967,1.0)
(923,15.0)
(2363,11397.0)
(3365,280.0)
(2461,4856.0)
(51,18.0)
(973,59.0)
(3199,125.0)
(2467,7078.0)
(567,831.0)
(2463,5231.0)
(2393,283.0)
(285,468.0)
(843,56.0)
(3867,236.0)
(1735,3656.0)
(421,140.0)
(1733,518.0)
(569,71.0)
(1185,6687.0)
(629,21.0)
(1009,880.0)
(3217,9.0)
(689,24.0)
(2975,2.0)
(1435,495.0)
(1077,35.0)
(555,339.0)
(1463,33.0)
(3595,81.0)
(663,26.0)
(2409,12248.0)
(1257,1008.0)
(2737,86.0)
(2127,3922.0)
(3617,147.0)
(965,89.0)
(1151,5.0)
(829,286.0)
(3281,59.0)
(27,9.0)
(2435,272.0)
(2855,6.0)
(3373,43.0)
(3033,2080.0)
(3755,23.0)
(4023,58.0)
(3993,12.0)
(3733,3.0)
(249,173.0)
(257,77.0)
(1777,9.0)
(3375,2.0)
(1047,1254.0)
(751,49.0)
(1561,94.0)
(733,15.0)
(2579,5893.0)
(39,52.0)
(3331,126.0)
(1503,238.0)
(769,63.0)
(2327,4114.0)
(71,3.0)
(2033,11615.0)
(1905,52.0)
(3113,1063.0)
(729,57.0)
(1127,93.0)
(311,11.0)
(933,187.0)
(1923,673.0)
(957,1295.0)
(1723,761.0)
(1793,5512.0)
(3437,4813.0)
(1027,3.0)
(2791,19.0)
(211,261.0)
(3055,14.0)
(3311,53.0)
(3475,243.0)
(1609,2310.0)
(2851,114.0)
(3205,23.0)
(509,90.0)
(721,8.0)
(2665,332.0)
(2943,1685.0)
(1307,264.0)
(1015,469.0)
(3009,58.0)
(59,133.0)
(985,16.0)
(2299,9782.0)
(411,2.0)
(677,151.0)
(1315,688.0)
(2315,2087.0)
(3129,292.0)
(3979,34.0)
(3559,157.0)
(1611,1498.0)
(3477,9.0)
(2937,1003.0)
(809,112.0)
(1541,305.0)
(2631,5461.0)
(31,110.0)
(841,1.0)
(3273,168.0)
(3619,4.0)
(661,243.0)
(1533,445.0)
(1937,4.0)
(647,139.0)
(29,36.0)
(2375,15.0)
(2759,61.0)
(2485,7743.0)
(1033,95.0)
(591,657.0)
(161,164.0)
(1817,63.0)
(2523,62.0)
(1879,6359.0)
(1943,13819.0)
(1101,4244.0)
(963,420.0)
(2503,106.0)
(3167,82.0)
(2899,14.0)
(313,334.0)
(3097,184.0)
(2499,2939.0)
(3147,10.0)
(3687,375.0)
(2473,624.0)
(2169,3880.0)
(1129,1181.0)
(519,197.0)
(3381,1001.0)
(337,29.0)
(1909,228.0)
(2811,10.0)
(1529,242.0)
(3309,125.0)
(3977,11.0)
(2585,577.0)
(2319,4581.0)
(779,102.0)
(1345,2348.0)
(3103,106.0)
(3663,73.0)
(3221,101.0)
(371,7.0)
(3803,78.0)
(3609,249.0)
(479,404.0)
(1269,4402.0)
(1837,513.0)
(2773,853.0)
(3897,6.0)
(2667,60.0)
(575,57.0)
(3635,224.0)
(2761,220.0)
(457,130.0)
(615,239.0)
(3929,59.0)
(1057,5.0)
(1767,335.0)
(3943,226.0)
(1857,1553.0)
(2577,101.0)
(2229,14738.0)
(3731,400.0)
(2445,1792.0)
(2705,240.0)
(1371,387.0)
(353,1634.0)
(65,33.0)
(865,6.0)
(35,1.0)
(2129,266.0)
(3225,195.0)
(2873,1321.0)
(1349,467.0)
(941,589.0)
(1341,4289.0)
(2215,1056.0)
(2655,11574.0)
(2171,1303.0)
(1999,391.0)
(1197,43.0)
(339,91.0)
(3407,1.0)
(1281,553.0)
(3279,60.0)
(3817,36.0)
(1705,232.0)
(2217,43.0)
(1461,18.0)
(673,6.0)
(253,2.0)
(1173,2944.0)
(1897,220.0)
(2813,70.0)
(169,309.0)
(1497,166.0)
(1747,186.0)
(2477,5426.0)
(1587,954.0)
(3745,9.0)
(545,546.0)
(2663,165.0)
(2947,100.0)
(1189,300.0)
(1577,7006.0)
(3115,935.0)
(1019,1101.0)
(825,9.0)
(1617,3657.0)
(4009,35.0)
(2379,337.0)
(3143,5.0)
(1499,44.0)
(1479,1921.0)
(871,14.0)
(1819,2302.0)
(3813,21.0)
(87,50.0)
(5,26.0)
(13,303.0)
(455,210.0)
(1215,493.0)
(2243,1201.0)
(2139,12680.0)
(3883,97.0)
(3649,97.0)
(4017,22.0)
(691,8.0)
(2779,134.0)
(2153,6019.0)
(3335,880.0)
(2105,30.0)
(3913,125.0)
(2349,120.0)
(2765,860.0)
(75,69.0)
(2553,11822.0)
(901,462.0)
(3179,994.0)
(1465,3198.0)
(2373,27.0)
(1335,4970.0)
(1331,5408.0)
(2501,1366.0)
(2007,6051.0)
(3027,541.0)
(2277,45.0)
(61,2.0)
(747,551.0)
(3947,217.0)
(2621,14.0)
(97,2.0)
(1513,593.0)
(1595,486.0)
(3689,3.0)
(3627,125.0)
(3193,161.0)
(803,64.0)
(2903,17.0)
(3003,6.0)
(3483,30.0)
(2165,6723.0)
(3633,837.0)
(777,84.0)
(1143,37.0)
(2317,264.0)
(2771,59.0)
(3671,14.0)
(979,41.0)
(1137,339.0)
(1757,4730.0)
(3393,50.0)
(3691,3.0)
(1711,7.0)
(365,11.0)
(1859,751.0)
(3395,225.0)
(1921,465.0)
(2313,558.0)
(2227,12.0)
(795,83.0)
(1645,783.0)
(307,4.0)
(2643,3602.0)
(2389,161.0)
(2677,27.0)
(1355,418.0)
(2957,37.0)
(3433,1156.0)
(1523,1036.0)
(3389,18.0)
(3465,113.0)
(303,122.0)
(1329,4545.0)
(1073,16.0)
(201,6.0)
(703,374.0)
(623,100.0)
(2715,150.0)
(3023,356.0)
(1807,476.0)
(535,45.0)
(1739,52.0)
(2371,300.0)
(605,117.0)
(2049,276.0)
(2231,264.0)
(1995,1160.0)
(2261,6963.0)
(3409,36.0)
(3795,7.0)
(2931,613.0)
(1601,420.0)
(2471,5514.0)
(1097,486.0)
(781,585.0)
(1885,196.0)
(719,806.0)
(2973,1377.0)
(2219,10.0)
(2659,663.0)
(255,1.0)
(2853,1248.0)
(3839,7.0)
(1409,2593.0)
(1261,1257.0)
(3937,48.0)
(621,18.0)
(3721,247.0)
(3583,14.0)
(515,847.0)
(731,261.0)
(3701,83.0)
(2607,14116.0)
(1069,168.0)
(2337,449.0)
(3581,64.0)
(2617,3924.0)
(1553,226.0)
(2843,239.0)
(2061,772.0)
(3111,478.0)
(2685,36.0)
(381,62.0)
(3421,88.0)
(1217,385.0)
(81,2.0)
(3591,135.0)
(1241,105.0)
(1311,152.0)
(2339,12261.0)
(2805,13.0)
(2597,3508.0)
(3771,9.0)
(3231,172.0)
(649,4.0)
(427,19.0)
(2089,168.0)
(2911,1516.0)
(1615,174.0)
(1059,7017.0)
(1829,73.0)
(3289,53.0)
(505,70.0)
(581,1.0)
(3741,106.0)
(1195,787.0)
(1427,721.0)
(2421,12.0)
(3001,212.0)
(1901,32.0)
(1317,62.0)
(2403,89.0)
(915,225.0)
(1159,699.0)
(187,103.0)
(2675,295.0)
(553,1277.0)
(1433,174.0)
(1903,558.0)
(2333,6221.0)
(3953,5.0)
(243,18.0)
(2155,404.0)
(329,98.0)
(3367,50.0)
(73,24.0)
(665,141.0)
(2015,6.0)
(3343,23.0)
(237,18.0)
(2735,40.0)
(2915,1707.0)
(1453,147.0)
(143,40.0)
(595,169.0)
(579,334.0)
(2599,78.0)
(3245,45.0)
(2563,5091.0)
(389,321.0)
(3861,24.0)
(819,344.0)
(3603,24.0)
(3443,115.0)
(439,472.0)
(2991,1240.0)
(2953,362.0)
(1237,664.0)
(3827,22.0)
(265,225.0)
(2545,23.0)
(437,17.0)
(2565,5.0)
(2905,1530.0)
(2753,736.0)
(2173,171.0)
(1515,1145.0)
(3669,21.0)
(111,51.0)
(527,676.0)
(2623,6874.0)
(3777,27.0)
(3587,114.0)
(89,19.0)
(1855,8.0)
(2729,917.0)
(3267,1379.0)
(241,1.0)
(597,173.0)
(3101,2833.0)
(481,184.0)
(1951,1266.0)
(2491,4459.0)
(2583,714.0)
(99,50.0)
(2699,73.0)
(277,721.0)
(1447,4973.0)
(2807,93.0)
(1797,6.0)
(737,85.0)
(333,22.0)
(1775,27.0)
(3301,444.0)
(2993,849.0)
(845,142.0)
(1931,507.0)
(2221,581.0)
(2755,2190.0)
(3387,2265.0)
(561,1551.0)
(3157,26.0)
(2847,19.0)
(705,767.0)
(797,164.0)
(1559,8344.0)
(2093,12250.0)
(135,45.0)
(1927,986.0)
(2401,109.0)
(1745,80.0)
(2999,122.0)
(2723,30.0)
(785,3.0)
(3399,431.0)
(2275,13360.0)
(3613,97.0)
(239,716.0)
(3643,160.0)
(4011,5.0)
(189,20.0)
(1707,8410.0)
(867,23.0)
(2725,10.0)
(3175,14.0)
(2935,47.0)
(2741,749.0)
(3219,281.0)
(1111,35.0)
(1939,1966.0)
(3759,121.0)
(2307,8423.0)
(531,308.0)
(1071,3.0)
(3865,5.0)
(1683,4003.0)
(3089,534.0)
(563,757.0)
(1343,219.0)
(2803,58.0)
(385,25.0)
(1913,123.0)
(2345,553.0)
(3363,3508.0)
(2645,925.0)
(3403,400.0)
(2995,38.0)
(1493,301.0)
(2567,4238.0)
(3561,29.0)
(1385,40.0)
(301,2.0)
(2039,4261.0)
(2099,56.0)
(3091,15.0)
(1131,246.0)
(1657,10.0)
(3895,30.0)
(2045,12145.0)
(2711,161.0)
(3601,99.0)
(995,939.0)
(1115,486.0)
(1043,42.0)
(3769,54.0)
(3065,928.0)
(2745,231.0)
(3815,96.0)
(2357,22.0)
(2273,2880.0)
(749,1.0)
(357,118.0)
(433,35.0)
(2287,1941.0)
(1835,7570.0)
(19,34.0)
(1277,3014.0)
(2647,787.0)
(2189,2964.0)
(1305,2671.0)
(1525,656.0)
(1421,166.0)
(1211,7564.0)
(3781,5.0)
(3085,779.0)
(473,257.0)
(1741,2866.0)
(1339,3034.0)
(3843,15.0)
(4001,1.0)
(2013,29.0)
(2549,10809.0)
(2381,12278.0)
(185,175.0)
(2437,8.0)
(2695,45.0)
(3047,906.0)
(3271,7.0)
(63,15.0)
(203,684.0)
(309,45.0)
(859,1.0)
(2913,1580.0)
(2921,203.0)
(2443,79.0)
(2823,448.0)
(1881,395.0)
(2063,7987.0)
(3005,248.0)
(2595,3.0)
(2419,3144.0)
(3723,19.0)
(1839,6882.0)
(2969,1337.0)
(1631,35.0)
(3565,6.0)
(3711,227.0)
(113,419.0)
(1779,99.0)
(2225,597.0)
(3905,18.0)
(2601,13755.0)
(1439,198.0)
(525,1196.0)
(3939,6.0)
(2955,345.0)
(413,92.0)
(2029,236.0)
(3213,336.0)
(1357,170.0)
(1519,216.0)
(3849,9.0)
(3915,151.0)
(1847,130.0)
(2399,1789.0)
(2639,479.0)
(3247,1437.0)
(551,108.0)
(1869,75.0)
(191,3.0)
(793,112.0)
(761,21.0)
(2965,47.0)
(57,55.0)
(3615,119.0)
(1765,1148.0)
(1763,320.0)
(463,361.0)
(1295,6.0)
(2469,7883.0)
(2267,2027.0)
(3313,129.0)
(1193,11.0)
(49,3.0)
(2223,3989.0)
(1085,523.0)
(2249,122.0)
(693,66.0)
(2341,114.0)
(2625,13465.0)
(2799,27.0)
(3987,1.0)
(115,112.0)
(1599,28.0)
(717,6.0)
(1161,74.0)
(1941,9173.0)
(2547,965.0)
(3489,10.0)
(823,698.0)
(2849,1795.0)
(889,55.0)
(2125,4545.0)
(317,11.0)
(813,24.0)
(1469,587.0)
(141,210.0)
(221,24.0)
(1273,868.0)
(2775,185.0)
(2535,29.0)
(1113,568.0)
(2177,47.0)
(3469,200.0)
(745,655.0)
(1401,52.0)
(917,1922.0)
(1247,134.0)
(955,38.0)
(1621,8562.0)
(2355,238.0)
(1067,1651.0)
(593,6.0)
(1179,596.0)
(2075,928.0)
(3959,1.0)
(2077,6835.0)
(2833,1636.0)
(3075,67.0)
(3851,762.0)
(2157,512.0)
(105,61.0)
(125,4.0)
(1451,353.0)
(157,2.0)
(1665,4541.0)
(1429,294.0)
(3607,21.0)
(625,143.0)
(611,98.0)
(1403,36.0)
(2951,1125.0)
(2589,2262.0)
(2211,639.0)
(1083,3294.0)
(2997,52.0)
(887,15.0)
(3069,62.0)
(1169,106.0)
(1963,3175.0)
(725,25.0)
(1725,375.0)
(3059,10.0)
(2817,10.0)
(657,13.0)
(713,804.0)
(1895,490.0)
(4003,10.0)
(837,46.0)
(1283,123.0)
(1667,147.0)
(1589,9934.0)
(2719,2097.0)
(395,1218.0)
(2431,10.0)
(3307,57.0)
(1675,3583.0)
(617,173.0)
(947,3921.0)
(1845,2133.0)
(1213,114.0)
(503,867.0)
(2603,1352.0)
(3041,202.0)
(1361,4218.0)
(2815,1086.0)
(3159,13.0)
(3349,32.0)
(2769,35.0)
(67,1030.0)
(3117,614.0)
(811,30.0)
(1313,345.0)
(1309,625.0)
(85,59.0)
(405,26.0)
(789,44.0)
(3295,430.0)
(2369,14310.0)
(3545,1156.0)
(2783,193.0)
(1993,14947.0)
(225,38.0)
(619,212.0)
(2087,6796.0)
(3485,98.0)
(3153,23.0)
(465,1280.0)
(1719,109.0)
(323,359.0)
(3763,31.0)
(55,113.0)
(3237,172.0)
(107,26750.0)
(2285,1016.0)
(4021,34.0)
(1647,821.0)
(1633,153.0)
(3757,119.0)
(205,1.0)
(3227,4.0)
(1275,691.0)
(2983,82.0)
(873,15.0)
(183,1.0)
(1929,9543.0)
(1593,198.0)
(2841,116.0)
(1391,7201.0)
(3699,3.0)
(2395,12296.0)
(1001,307.0)
(2821,46.0)
(47,1.0)
(1557,5716.0)
(3431,49.0)
(1093,20.0)
(2543,15502.0)
(989,392.0)
(3299,669.0)
(1103,20.0)
(207,3.0)
(3941,8.0)
(3503,47.0)
(2003,889.0)
(521,66.0)
(739,199.0)
(991,56.0)
(377,1.0)
(3203,176.0)
(3141,38.0)
(2353,3081.0)
(2967,140.0)
(3525,269.0)
(155,2.0)
