(3586,946.0)
(1084,105.0)
(3558,703.0)
(1410,210.0)
(3456,1275.0)
(3702,703.0)
(3272,946.0)
(3066,91.0)
(4038,36.0)
(1894,1953.0)
(466,36.0)
(1040,2211.0)
(912,36.0)
(2958,861.0)
(140,55.0)
(204,231.0)
(956,45.0)
(1466,0.0)
(3706,300.0)
(2334,9591.0)
(3436,21.0)
(2506,7626.0)
(450,231.0)
(492,2080.0)
(160,1.0)
(1148,2080.0)
(1168,15.0)
(1596,2926.0)
(2594,4371.0)
(1780,190.0)
(2346,630.0)
(3932,28.0)
(1830,120.0)
(2904,2556.0)
(3650,0.0)
(1500,406.0)
(460,2145.0)
(2664,3403.0)
(3336,21.0)
(1390,18528.0)
(548,496.0)
(1630,2211.0)
(1732,1128.0)
(2602,19503.0)
(2092,903.0)
(528,78.0)
(1550,703.0)
(1182,2145.0)
(1632,3081.0)
(558,190.0)
(1150,91.0)
(1808,91.0)
(3032,231.0)
(1716,1770.0)
(2938,190.0)
(2912,1830.0)
(944,666.0)
(1046,3.0)
(1280,2850.0)
(1202,36.0)
(2052,5565.0)
(1310,351.0)
(196,78.0)
(1816,8515.0)
(2706,2211.0)
(1158,2145.0)
(3922,1.0)
(3118,946.0)
(338,21.0)
(3858,496.0)
(1176,1.0)
(3296,820.0)
(3568,595.0)
(1144,210.0)
(1670,55.0)
(2192,820.0)
(1098,253.0)
(2718,666.0)
(2180,6441.0)
(266,153.0)
(344,36.0)
(834,903.0)
(1320,2016.0)
(1344,4095.0)
(4008,0.0)
(2618,253.0)
(664,136.0)
(2174,7140.0)
(3500,190.0)
(2040,11476.0)
(988,820.0)
(2360,66.0)
(2974,1711.0)
(3974,0.0)
(2762,210.0)
(3918,465.0)
(3270,15.0)
(968,780.0)
(3146,1830.0)
(1940,4278.0)
(1468,465.0)
(3722,528.0)
(2790,36.0)
(1678,153.0)
(836,66.0)
(3490,105.0)
(326,171.0)
(1556,300.0)
(1800,29890.0)
(2246,4465.0)
(2744,78.0)
(1656,561.0)
(3848,15.0)
(2034,28.0)
(208,21.0)
(436,1770.0)
(3700,21.0)
(1186,136.0)
(2198,1485.0)
(2366,630.0)
(1906,231.0)
(3910,6.0)
(3520,45.0)
(2070,78.0)
(3000,4095.0)
(3128,45.0)
(2588,4095.0)
(1044,378.0)
(1674,300.0)
(734,253.0)
(536,231.0)
(2398,5778.0)
(1076,10011.0)
(3880,45.0)
(2648,1128.0)
(3696,105.0)
(4,45.0)
(2578,13366.0)
(150,55.0)
(3462,190.0)
(3488,1081.0)
(3180,28.0)
(1300,465.0)
(1042,105.0)
(2976,820.0)
(3980,1711.0)
(3018,435.0)
(152,10.0)
(368,561.0)
(796,21.0)
(2886,45.0)
(236,666.0)
(316,1.0)
(3140,2485.0)
(3304,595.0)
(406,6.0)
(612,105.0)
(888,36.0)
(874,21.0)
(3298,990.0)
(162,28.0)
(2368,3081.0)
(4016,6.0)
(1850,406.0)
(2200,14878.0)
(3164,45.0)
(2724,2415.0)
(120,6.0)
(1218,55.0)
(1356,190.0)
(994,351.0)
(2352,14028.0)
(166,6.0)
(3328,153.0)
(1922,105.0)
(2332,5253.0)
(3602,136.0)
(1710,105.0)
(3902,861.0)
(3620,120.0)
(1014,4851.0)
(2068,9870.0)
(1688,4465.0)
(2004,1225.0)
(1690,1.0)
(1750,7875.0)
(2178,3.0)
(304,1485.0)
(1228,253.0)
(496,780.0)
(498,15.0)
(306,36.0)
(2080,36.0)
(2206,21945.0)
(282,1.0)
(1132,10011.0)
(360,903.0)
(3548,28.0)
(3202,55.0)
(1792,15.0)
(1532,741.0)
(52,1.0)
(3374,120.0)
(3870,325.0)
(2928,3655.0)
(298,55.0)
(156,66.0)
(1608,6786.0)
(2518,1128.0)
(2132,4371.0)
(702,28.0)
(720,153.0)
(3912,105.0)
(770,351.0)
(2824,15.0)
(1136,528.0)
(3590,351.0)
(1488,9045.0)
(3678,10.0)
(362,171.0)
(862,276.0)
(3658,120.0)
(1066,2278.0)
(2514,36.0)
(2972,136.0)
(432,1485.0)
(3398,28.0)
(1290,3741.0)
(1726,210.0)
(4020,28.0)
(3380,210.0)
(966,6555.0)
(694,1431.0)
(1898,5050.0)
(280,903.0)
(2528,21.0)
(2426,153.0)
(922,435.0)
(1126,19503.0)
(3470,120.0)
(1050,55.0)
(3846,1.0)
(1004,7140.0)
(3554,210.0)
(446,153.0)
(2868,210.0)
(1992,105.0)
(2646,9045.0)
(42,1.0)
(2930,28.0)
(1730,25425.0)
(2752,21.0)
(3624,91.0)
(3236,210.0)
(3856,0.0)
(3930,1081.0)
(488,378.0)
(2288,210.0)
(3946,6.0)
(348,26106.0)
(3524,120.0)
(692,0.0)
(2322,1035.0)
(3220,1431.0)
(930,1326.0)
(2054,13203.0)
(3274,1953.0)
(2412,465.0)
(744,1.0)
(906,3003.0)
(1496,1128.0)
(3914,28.0)
(952,3486.0)
(3790,990.0)
(2030,17391.0)
(1268,55.0)
(1418,210.0)
(288,6.0)
(1858,406.0)
(2452,45.0)
(2750,3570.0)
(3416,1378.0)
(3810,595.0)
(2220,18915.0)
(2948,210.0)
(3086,666.0)
(100,36.0)
(482,561.0)
(3230,0.0)
(2906,4186.0)
(332,903.0)
(2550,13041.0)
(2586,17391.0)
(1092,1225.0)
(1222,10011.0)
(300,21.0)
(3400,595.0)
(2644,351.0)
(3330,4278.0)
(3186,253.0)
(2696,171.0)
(3496,171.0)
(1988,276.0)
(850,45.0)
(3938,3403.0)
(3644,78.0)
(812,28.0)
(1070,3003.0)
(2194,5886.0)
(1294,231.0)
(532,45.0)
(2672,666.0)
(3360,2701.0)
(118,630.0)
(3022,3160.0)
(846,15.0)
(858,10.0)
(1196,325.0)
(2338,5886.0)
(658,276.0)
(738,300.0)
(3168,1128.0)
(1216,630.0)
(3692,703.0)
(1842,7021.0)
(1622,15576.0)
(2818,120.0)
(1930,78.0)
(3090,5778.0)
(3412,990.0)
(2688,55.0)
(3370,15.0)
(3542,528.0)
(3228,630.0)
(3148,435.0)
(3976,105.0)
(3116,5253.0)
(3378,1770.0)
(28,78.0)
(1870,253.0)
(958,276.0)
(2312,120.0)
(354,325.0)
(3196,780.0)
(106,28.0)
(2926,45.0)
(3664,45.0)
(1400,231.0)
(3338,36.0)
(2508,4753.0)
(2802,45.0)
(2820,105.0)
(274,91.0)
(1232,406.0)
(2710,78.0)
(2666,1830.0)
(3742,10.0)
(3796,55.0)
(3882,6.0)
(2008,21.0)
(1252,3.0)
(182,3.0)
(3904,21.0)
(2326,16110.0)
(3132,3486.0)
(1288,4186.0)
(1660,276.0)
(1642,378.0)
(3172,2556.0)
(3394,465.0)
(1024,3570.0)
(1326,1.0)
(3552,21.0)
(3474,153.0)
(3576,861.0)
(2438,2278.0)
(1370,6216.0)
(44,15.0)
(88,190.0)
(2300,7381.0)
(618,276.0)
(3264,465.0)
(3762,136.0)
(670,253.0)
(3466,325.0)
(876,55.0)
(1576,2145.0)
(3010,496.0)
(622,78.0)
(3156,78.0)
(2112,12720.0)
(1448,1326.0)
(1802,66.0)
(3408,1.0)
(1818,435.0)
(396,351.0)
(2170,153.0)
(1112,1431.0)
(2386,9591.0)
(2256,21.0)
(418,253.0)
(552,6.0)
(238,253.0)
(3690,325.0)
(3012,55.0)
(18,0.0)
(20,105.0)
(2800,3321.0)
(268,55.0)
(2548,28.0)
(3760,136.0)
(1788,45.0)
(3040,1275.0)
(3832,66.0)
(1794,1596.0)
(1214,6441.0)
(3050,120.0)
(1618,276.0)
(1580,3403.0)
(1722,1540.0)
(3536,55.0)
(504,903.0)
(2918,190.0)
(614,496.0)
(1904,435.0)
(3062,496.0)
(3218,36.0)
(3248,465.0)
(2524,78.0)
(370,2485.0)
(2142,24310.0)
(3712,28.0)
(3804,1176.0)
(62,325.0)
(2606,2775.0)
(3438,276.0)
(444,1081.0)
(6,15.0)
(3996,6.0)
(620,190.0)
(1718,11935.0)
(3068,120.0)
(86,15.0)
(60,28.0)
(3818,91.0)
(1450,253.0)
(3414,153.0)
(1462,3486.0)
(1778,703.0)
(398,528.0)
(1234,105.0)
(1054,1431.0)
(3072,1035.0)
(2538,1540.0)
(3752,171.0)
(638,0.0)
(3250,561.0)
(3646,136.0)
(426,153.0)
(262,6.0)
(36,55.0)
(1206,0.0)
(2290,16836.0)
(3046,666.0)
(358,0.0)
(978,5356.0)
(1890,15.0)
(924,990.0)
(2446,12880.0)
(242,276.0)
(2032,10731.0)
(2558,231.0)
(2060,5565.0)
(2244,19900.0)
(4012,1.0)
(2898,28.0)
(1322,4005.0)
(1616,1225.0)
(3440,325.0)
(1952,136.0)
(148,190.0)
(2114,105.0)
(3444,10.0)
(2890,3828.0)
(2662,666.0)
(940,136.0)
(2482,12720.0)
(2120,253.0)
(3244,91.0)
(486,120.0)
(3758,946.0)
(3346,595.0)
(2058,2850.0)
(3906,946.0)
(3770,45.0)
(128,378.0)
(560,435.0)
(2674,2415.0)
(210,0.0)
(2196,5995.0)
(2860,3.0)
(700,21.0)
(2658,630.0)
(2722,3.0)
(3982,91.0)
(642,1.0)
(1530,5460.0)
(3366,1891.0)
(2154,12720.0)
(1230,7750.0)
(2788,1.0)
(960,5253.0)
(3184,1830.0)
(580,3486.0)
(3162,1596.0)
(3994,55.0)
(778,120.0)
(1426,2016.0)
(1786,4656.0)
(2242,780.0)
(1080,1770.0)
(2498,4371.0)
(1330,7381.0)
(1350,528.0)
(2436,4371.0)
(2806,1225.0)
(986,55.0)
(1840,45.0)
(3362,2775.0)
(4006,1.0)
(2396,2346.0)
(1880,496.0)
(2304,2145.0)
(2062,2850.0)
(3404,153.0)
(2616,4950.0)
(12,0.0)
(3788,66.0)
(1876,1540.0)
(2486,153.0)
(1658,171.0)
(1752,6555.0)
(452,861.0)
(2234,406.0)
(2362,300.0)
(3746,1.0)
(512,406.0)
(1246,595.0)
(2632,21.0)
(3130,78.0)
(2202,1176.0)
(2814,1.0)
(1480,4278.0)
(420,561.0)
(2584,105.0)
(366,4656.0)
(3884,561.0)
(2272,406.0)
(2138,9453.0)
(350,210.0)
(808,36.0)
(1754,1596.0)
(2036,210.0)
(3024,91.0)
(1058,21.0)
(3302,2211.0)
(1908,45.0)
(842,666.0)
(2188,18721.0)
(3324,3741.0)
(40,946.0)
(1654,21.0)
(2298,136.0)
(1782,2211.0)
(434,528.0)
(3472,105.0)
(2250,5886.0)
(2704,1.0)
(2540,465.0)
(3092,55.0)
(1848,630.0)
(1862,1431.0)
(1062,231.0)
(1068,1176.0)
(2874,1081.0)
(636,300.0)
(3708,105.0)
(96,36.0)
(698,2278.0)
(1486,10.0)
(3970,15.0)
(3556,78.0)
(3636,300.0)
(2424,55.0)
(3350,3321.0)
(2280,1711.0)
(1316,496.0)
(2804,36.0)
(2756,990.0)
(1006,10011.0)
(98,1176.0)
(814,325.0)
(92,210.0)
(3008,120.0)
(3348,3486.0)
(1406,465.0)
(2370,12403.0)
(3886,406.0)
(3808,1.0)
(2798,3.0)
(72,276.0)
(2410,21321.0)
(1324,780.0)
(2836,465.0)
(2856,153.0)
(3730,378.0)
(1120,1275.0)
(1966,14706.0)
(652,6.0)
(854,3.0)
(1852,231.0)
(2088,19503.0)
(84,78.0)
(122,1953.0)
(3606,10.0)
(2748,2775.0)
(3058,105.0)
(1984,15753.0)
(76,3.0)
(1192,4656.0)
(3422,780.0)
(1834,0.0)
(430,703.0)
(2420,3240.0)
(902,1035.0)
(1928,253.0)
(2130,55.0)
(1030,55.0)
(1918,12880.0)
(1796,2485.0)
(2462,4560.0)
(124,6.0)
(984,861.0)
(3214,1953.0)
(1340,1953.0)
(2286,276.0)
(948,703.0)
(1420,10878.0)
(8,28.0)
(2394,4465.0)
(2444,120.0)
(2294,7381.0)
(3666,36.0)
(2622,210.0)
(372,136.0)
(3888,45.0)
(820,703.0)
(3964,105.0)
(786,36.0)
(1124,8385.0)
(3318,190.0)
(3340,120.0)
(3190,66.0)
(2968,78.0)
(3824,1225.0)
(1772,1830.0)
(600,276.0)
(2774,15.0)
(2224,8256.0)
(2374,14028.0)
(1994,2016.0)
(1178,78.0)
(892,0.0)
(2582,5050.0)
(2780,1711.0)
(1996,6.0)
(3940,55.0)
(3476,105.0)
(910,10.0)
(798,21.0)
(3322,28.0)
(2760,55.0)
(3900,561.0)
(2654,11325.0)
(1920,7503.0)
(1266,78.0)
(2276,11781.0)
(726,630.0)
(1766,780.0)
(3104,3403.0)
(1032,3081.0)
(2480,351.0)
(1298,2485.0)
(2150,18336.0)
(1452,561.0)
(3504,28.0)
(1258,861.0)
(2490,105.0)
(616,171.0)
(1346,10.0)
(3226,3081.0)
(3356,190.0)
(1874,78.0)
(608,0.0)
(606,4095.0)
(1184,12403.0)
(1686,595.0)
(3890,10.0)
(678,325.0)
(190,6.0)
(3458,190.0)
(2128,4186.0)
(872,21.0)
(378,1891.0)
(1396,1431.0)
(1306,325.0)
(176,91.0)
(26,2278.0)
(3648,210.0)
(2628,378.0)
(3898,120.0)
(1534,528.0)
(2320,120.0)
(1362,3.0)
(1856,6.0)
(3778,78.0)
(2840,528.0)
(1972,2415.0)
(2146,276.0)
(3310,10.0)
(3386,1326.0)
(3108,1953.0)
(376,8778.0)
(294,3.0)
(928,36.0)
(188,1128.0)
(2640,1540.0)
(2296,561.0)
(3312,136.0)
(2350,378.0)
(634,120.0)
(70,1.0)
(364,36.0)
(2166,36.0)
(3972,153.0)
(3674,703.0)
(2478,4278.0)
(1998,1431.0)
(562,10.0)
(3892,78.0)
(2228,496.0)
(1342,45.0)
(1948,5778.0)
(2380,3.0)
(232,300.0)
(1378,496.0)
(3852,231.0)
(3406,2415.0)
(2318,666.0)
(240,3.0)
(3482,78.0)
(3694,10.0)
(1832,1035.0)
(258,105.0)
(1286,253.0)
(2314,171.0)
(2966,5671.0)
(3934,45.0)
(3956,276.0)
(826,55.0)
(484,5671.0)
(550,0.0)
(234,1.0)
(1392,666.0)
(3178,300.0)
(2340,19503.0)
(1736,12090.0)
(3460,378.0)
(3984,0.0)
(3194,136.0)
(762,78.0)
(3798,0.0)
(1166,1596.0)
(130,120.0)
(2896,1225.0)
(860,1.0)
(1434,105.0)
(3562,105.0)
(1666,630.0)
(4022,0.0)
(518,171.0)
(828,3081.0)
(990,406.0)
(1358,2926.0)
(1552,21.0)
(964,325.0)
(2144,3003.0)
(2316,45.0)
(38,36.0)
(3206,1275.0)
(3082,6670.0)
(2430,10585.0)
(1644,2346.0)
(2714,3.0)
(2454,120.0)
(2442,3.0)
(1702,990.0)
(2842,0.0)
(1812,946.0)
(3262,276.0)
(3680,903.0)
(2066,36.0)
(2908,351.0)
(1274,300.0)
(1822,66.0)
(1926,8911.0)
(3142,1540.0)
(3854,1.0)
(3234,528.0)
(2274,595.0)
(2158,45.0)
(3122,36.0)
(886,28.0)
(1860,136.0)
(1614,2485.0)
(3872,91.0)
(1422,91.0)
(3642,253.0)
(1744,666.0)
(3698,153.0)
(2846,351.0)
(1980,1596.0)
(1224,1.0)
(898,703.0)
(2534,153.0)
(388,703.0)
(254,136.0)
(296,21.0)
(1026,3160.0)
(2894,1830.0)
(3260,378.0)
(1784,136.0)
(3442,990.0)
(3820,0.0)
(1676,120.0)
(822,105.0)
(2388,15.0)
(2500,16290.0)
(2870,231.0)
(1912,284635.0)
(2496,231.0)
(2580,15.0)
(1156,4851.0)
(1332,861.0)
(2536,1953.0)
(3924,820.0)
(2932,780.0)
(248,210.0)
(852,6.0)
(1760,3.0)
(2408,11628.0)
(1064,351.0)
(2698,2346.0)
(178,78.0)
(2342,378.0)
(1504,1653.0)
(1276,1.0)
(3076,3655.0)
(3958,36.0)
(1944,406.0)
(3732,1.0)
(3006,1.0)
(3334,36.0)
(704,10.0)
(3756,1830.0)
(756,45.0)
(3928,3.0)
(1508,528.0)
(3038,3828.0)
(1090,78.0)
(1844,2415.0)
(2106,6.0)
(2702,276.0)
(394,630.0)
(1122,1176.0)
(3392,136.0)
(1692,1225.0)
(3544,10.0)
(2140,14535.0)
(882,28.0)
(206,6.0)
(3478,136.0)
(2460,14196.0)
(2830,231.0)
(3276,190.0)
(2336,11175.0)
(806,105.0)
(1072,325.0)
(2754,7381.0)
(244,1.0)
(684,190.0)
(1960,903.0)
(3300,153.0)
(3802,120.0)
(2684,378.0)
(2826,45.0)
(1208,3.0)
(1388,3486.0)
(134,171.0)
(970,105.0)
(2328,13695.0)
(2102,8646.0)
(3908,21.0)
(2920,2701.0)
(838,231.0)
(3688,1.0)
(3944,78.0)
(510,325.0)
(3936,15.0)
(272,990.0)
(1584,22155.0)
(202,6.0)
(278,45.0)
(2270,105.0)
(3342,2278.0)
(1188,496.0)
(976,276.0)
(816,36.0)
(2590,19306.0)
(718,435.0)
(3292,66.0)
(980,8128.0)
(2056,6555.0)
(1094,55.0)
(2014,45.0)
(666,153.0)
(1974,21.0)
(1458,528.0)
(2284,1540.0)
(2680,1378.0)
(2344,7260.0)
(584,105.0)
(3044,15.0)
(2018,1485.0)
(1604,10878.0)
(3372,21.0)
(2050,253.0)
(3176,351.0)
(3526,435.0)
(1140,36.0)
(1380,3570.0)
(3430,210.0)
(3182,2278.0)
(1118,595.0)
(3656,231.0)
(2560,20100.0)
(3668,55.0)
(1684,313236.0)
(1134,55.0)
(328,36.0)
(1360,666.0)
(2204,6.0)
(706,153.0)
(1924,15.0)
(3232,5460.0)
(3344,2850.0)
(230,36.0)
(800,666.0)
(2212,9730.0)
(2520,13530.0)
(802,10.0)
(2650,153.0)
(648,1.0)
(3426,6328.0)
(610,10.0)
(1334,4950.0)
(50,55.0)
(2522,91.0)
(2922,3.0)
(1082,1596.0)
(2954,78.0)
(154,1.0)
(1586,3.0)
(3768,253.0)
(422,1770.0)
(596,1035.0)
(2764,300.0)
(1108,903.0)
(3626,28.0)
(1648,300.0)
(3962,741.0)
(1180,990.0)
(2190,14028.0)
(3608,171.0)
(3432,15.0)
(1610,15931.0)
(2726,136.0)
(3166,703.0)
(2620,1485.0)
(374,2278.0)
(1292,1485.0)
(1194,6.0)
(1302,5671.0)
(2530,406.0)
(1212,325.0)
(2118,17578.0)
(2064,17205.0)
(3238,820.0)
(2230,10.0)
(2458,4851.0)
(1544,105.0)
(2134,3570.0)
(1110,2415.0)
(454,3.0)
(4018,21.0)
(2002,3570.0)
(772,153.0)
(2354,15576.0)
(3764,406.0)
(752,703.0)
(586,21.0)
(1724,1711.0)
(428,6555.0)
(1900,325.0)
(1328,190.0)
(464,10.0)
(2422,10.0)
(14,105.0)
(1336,1485.0)
(1338,2278.0)
(1494,325.0)
(302,190.0)
(4014,66.0)
(2078,20706.0)
(226,91.0)
(1430,1.0)
(318,55.0)
(1128,4753.0)
(1414,28.0)
(2850,528.0)
(2892,406.0)
(228,3.0)
(1416,6105.0)
(3002,2556.0)
(94,231.0)
(192,10.0)
(3518,528.0)
(1282,2278.0)
(2010,3486.0)
(2716,4465.0)
(3192,120.0)
(3710,325.0)
(1304,703.0)
(3566,36.0)
(3240,2145.0)
(992,465.0)
(3306,231.0)
(3998,91.0)
(2608,4851.0)
(1404,1225.0)
(646,78.0)
(758,190.0)
(2838,6.0)
(3282,1.0)
(696,465.0)
(2108,13366.0)
(3670,231.0)
(1308,190.0)
(2712,946.0)
(1386,0.0)
(58,66.0)
(2116,2080.0)
(878,45.0)
(3332,1891.0)
(3896,210.0)
(1104,5886.0)
(784,780.0)
(2732,28.0)
(848,210.0)
(2330,1128.0)
(4036,1.0)
(2110,903.0)
(1942,741.0)
(1714,17391.0)
(918,0.0)
(1970,2556.0)
(292,0.0)
(1190,741.0)
(1592,300.0)
(1296,300.0)
(30,136.0)
(2634,10.0)
(754,435.0)
(1262,1.0)
(2164,4186.0)
(3158,1326.0)
(252,2080.0)
(2604,19110.0)
(2464,20301.0)
(1020,1653.0)
(688,990.0)
(2822,91.0)
(3418,45.0)
(3294,253.0)
(2600,16471.0)
(506,2556.0)
(2964,153.0)
(592,820.0)
(2626,561.0)
(2910,3403.0)
(3834,21.0)
(470,120.0)
(2924,780.0)
(1932,4465.0)
(3740,351.0)
(3484,105.0)
(1854,1.0)
(3284,2415.0)
(740,28.0)
(2808,3.0)
(3516,91.0)
(3600,21.0)
(1398,946.0)
(1968,595.0)
(3434,5671.0)
(1142,528.0)
(804,120.0)
(2792,3.0)
(2768,378.0)
(4028,1.0)
(2746,105.0)
(1774,780.0)
(1172,6328.0)
(3616,66.0)
(174,6.0)
(1424,171.0)
(2494,741.0)
(3986,36.0)
(1100,2016.0)
(3364,1176.0)
(34,10.0)
(2488,741.0)
(3966,1081.0)
(1518,91.0)
(2844,406.0)
(2306,6328.0)
(2378,1225.0)
(3452,120.0)
(672,28.0)
(2248,153.0)
(1540,2346.0)
(682,78.0)
(1826,5151.0)
(1566,190.0)
(3060,3003.0)
(1680,1830.0)
(1682,703.0)
(1454,1326.0)
(2668,561.0)
(2956,4560.0)
(74,0.0)
(2694,4278.0)
(1226,595.0)
(2544,435.0)
(2980,10.0)
(3792,105.0)
(1602,66.0)
(400,2628.0)
(2364,2080.0)
(3534,253.0)
(588,91.0)
(764,378.0)
(2074,13041.0)
(334,378.0)
(1106,351.0)
(224,378.0)
(2678,36.0)
(1200,6.0)
(1470,2485.0)
(2020,12403.0)
(2770,820.0)
(3794,595.0)
(1916,3081.0)
(890,21.0)
(46,10.0)
(1538,2556.0)
(2946,1711.0)
(2700,105.0)
(3546,120.0)
(572,6.0)
(1762,6.0)
(1548,703.0)
(3064,2016.0)
(1472,4005.0)
(3280,5671.0)
(1624,595.0)
(1102,1275.0)
(2992,2556.0)
(3096,2850.0)
(662,276.0)
(114,0.0)
(1502,2415.0)
(2210,4753.0)
(1498,15.0)
(3266,28.0)
(312,325.0)
(2186,153.0)
(1888,32131.0)
(936,666.0)
(2564,17578.0)
(1982,171.0)
(3030,28.0)
(158,300.0)
(750,1.0)
(2012,105.0)
(456,1830.0)
(1086,20910.0)
(686,14365.0)
(2262,91.0)
(1884,496.0)
(64,21.0)
(1492,78.0)
(2236,666.0)
(3020,666.0)
(3388,45.0)
(3754,28.0)
(2988,1953.0)
(290,91.0)
(1728,496.0)
(508,120.0)
(640,253.0)
(2136,2701.0)
(3716,21.0)
(1354,10.0)
(2876,91.0)
(3492,36.0)
(818,120.0)
(714,91.0)
(1516,12561.0)
(2720,1176.0)
(2026,4560.0)
(3724,15.0)
(3254,66.0)
(2324,19306.0)
(3222,105.0)
(2612,378.0)
(116,136.0)
(1708,45.0)
(1170,630.0)
(0,60031.0)
(1366,2145.0)
(3080,378.0)
(2880,2145.0)
(102,15.0)
(1914,1081.0)
(1620,8128.0)
(3686,6.0)
(542,1653.0)
(2168,3.0)
(1720,1176.0)
(534,28.0)
(1248,28.0)
(656,3.0)
(1938,17766.0)
(3614,45.0)
(1002,6.0)
(574,55.0)
(4010,0.0)
(2348,11325.0)
(3014,903.0)
(2914,820.0)
(66,105.0)
(1804,18915.0)
(2356,14706.0)
(138,1.0)
(3468,406.0)
(1706,861.0)
(3942,1.0)
(480,21.0)
(1740,666.0)
(530,6.0)
(3124,435.0)
(1528,2415.0)
(3314,120.0)
(3498,153.0)
(3860,666.0)
(1606,465.0)
(3174,2701.0)
(212,153.0)
(1318,820.0)
(1866,465.0)
(2160,276.0)
(3354,36.0)
(2434,4095.0)
(3662,136.0)
(3726,105.0)
(3836,231.0)
(2310,253.0)
(1220,36.0)
(1352,27261.0)
(1242,4278.0)
(1438,561.0)
(3842,820.0)
(330,120.0)
(2000,528.0)
(2734,325.0)
(3766,45.0)
(3572,28.0)
(676,153.0)
(2852,55.0)
(742,66.0)
(3170,300.0)
(3530,28.0)
(194,171.0)
(3540,561.0)
(1408,561.0)
(1600,6786.0)
(2902,21.0)
(2570,210.0)
(1130,2145.0)
(1824,1653.0)
(2156,351.0)
(722,91.0)
(1934,66.0)
(2100,15.0)
(630,741.0)
(1270,1.0)
(2916,3741.0)
(3154,4095.0)
(1012,496.0)
(556,1128.0)
(1768,21736.0)
(476,15.0)
(950,45.0)
(2308,12090.0)
(894,6.0)
(1590,3828.0)
(3992,3.0)
(110,10.0)
(3750,406.0)
(322,2556.0)
(896,7875.0)
(3070,1891.0)
(2642,8001.0)
(3078,4851.0)
(3714,325.0)
(1078,16653.0)
(1638,561.0)
(218,36.0)
(4026,36.0)
(824,1653.0)
(760,435.0)
(2182,28.0)
(56,3003.0)
(2742,6670.0)
(920,78.0)
(2302,7503.0)
(2682,120.0)
(2878,55.0)
(566,3570.0)
(1484,231.0)
(708,406.0)
(2542,19110.0)
(2416,666.0)
(1116,406.0)
(3088,45.0)
(2546,10296.0)
(3838,1830.0)
(2474,325.0)
(3278,171.0)
(2936,1770.0)
(3826,496.0)
(3960,136.0)
(1578,630.0)
(2516,3828.0)
(3786,210.0)
(1814,45.0)
(768,91.0)
(3034,903.0)
(1562,45.0)
(2994,2080.0)
(3748,0.0)
(3894,36.0)
(1776,10.0)
(2532,5565.0)
(3242,105.0)
(3094,21.0)
(2630,14878.0)
(3592,78.0)
(2986,4950.0)
(3618,190.0)
(440,91.0)
(526,4753.0)
(502,55.0)
(1738,325.0)
(2484,7875.0)
(1478,136.0)
(856,741.0)
(2376,15931.0)
(1662,10585.0)
(1074,1953.0)
(80,253.0)
(2526,18145.0)
(2384,17578.0)
(1048,5565.0)
(3612,171.0)
(3728,378.0)
(1436,435.0)
(352,253.0)
(3968,1035.0)
(1056,2080.0)
(2614,136.0)
(1936,231.0)
(270,6.0)
(1626,666.0)
(2418,6786.0)
(998,36.0)
(2962,171.0)
(90,1.0)
(3584,1176.0)
(3950,120.0)
(342,561.0)
(864,10.0)
(1114,703.0)
(2358,15.0)
(3622,66.0)
(2888,105.0)
(2740,1.0)
(1542,1485.0)
(424,136.0)
(2984,276.0)
(3256,1953.0)
(200,1596.0)
(1440,378.0)
(3198,3655.0)
(3916,21.0)
(142,903.0)
(538,3741.0)
(220,6.0)
(3224,1485.0)
(3800,1176.0)
(1640,28.0)
(1990,190.0)
(972,210.0)
(250,10.0)
(1456,8646.0)
(2728,703.0)
(2476,630.0)
(2942,45.0)
(710,28.0)
(1756,120.0)
(690,36.0)
(1240,21.0)
(1892,66.0)
(780,561.0)
(2552,6216.0)
(1748,78.0)
(3152,3570.0)
(308,276.0)
(1836,300.0)
(3720,45.0)
(2,45.0)
(3840,66.0)
(554,153.0)
(1138,91.0)
(3844,10.0)
(2172,18528.0)
(1278,630.0)
(946,13695.0)
(3200,55.0)
(3120,2485.0)
(2406,630.0)
(2428,18145.0)
(1512,561.0)
(1038,10.0)
(3926,903.0)
(1554,12720.0)
(748,171.0)
(2046,7503.0)
(3596,3655.0)
(746,36.0)
(1764,300.0)
(2042,4560.0)
(938,406.0)
(716,66.0)
(1464,325.0)
(3290,10.0)
(2970,946.0)
(108,78.0)
(1256,9045.0)
(3632,15.0)
(3862,171.0)
(540,28.0)
(1384,66.0)
(870,21.0)
(2082,153.0)
(410,105.0)
(1236,903.0)
(2024,1378.0)
(2990,78.0)
(3582,3.0)
(1524,820.0)
(48,231.0)
(2996,741.0)
(1482,1176.0)
(2766,78.0)
(1088,91.0)
(2260,190.0)
(2148,4005.0)
(3188,1275.0)
(4034,1.0)
(3580,36.0)
(468,1.0)
(448,3.0)
(1312,3160.0)
(392,741.0)
(3028,66.0)
(3654,66.0)
(3948,1711.0)
(3954,6.0)
(478,28.0)
(776,36.0)
(932,1953.0)
(68,36.0)
(2556,8515.0)
(386,3.0)
(1260,703.0)
(2596,0.0)
(324,325.0)
(180,190.0)
(1868,7260.0)
(320,210.0)
(1734,1176.0)
(408,1485.0)
(1036,1653.0)
(996,6.0)
(346,351.0)
(1976,741.0)
(24,120.0)
(520,1225.0)
(146,45.0)
(2510,9453.0)
(514,2016.0)
(390,15.0)
(934,3321.0)
(2214,351.0)
(1060,1275.0)
(3532,105.0)
(1570,7626.0)
(576,91.0)
(1162,28.0)
(3382,136.0)
(810,496.0)
(628,66.0)
(712,78.0)
(3822,435.0)
(2854,630.0)
(3718,351.0)
(3480,300.0)
(3054,3403.0)
(2848,210.0)
(3052,1225.0)
(3812,21.0)
(1882,1275.0)
(2778,4465.0)
(2960,4186.0)
(954,1485.0)
(3502,28.0)
(3704,1.0)
(2254,4005.0)
(22,55.0)
(3672,1081.0)
(3258,1081.0)
(3538,190.0)
(3420,253.0)
(3772,28.0)
(1838,15.0)
(3208,105.0)
(1096,0.0)
(3638,55.0)
(2882,45.0)
(626,91.0)
(2266,27261.0)
(3358,55.0)
(3320,6328.0)
(3494,6.0)
(2872,2850.0)
(1910,465.0)
(590,91.0)
(136,8778.0)
(1250,9316.0)
(1828,1540.0)
(2372,5460.0)
(2392,4186.0)
(2554,4278.0)
(524,2016.0)
(962,351.0)
(1010,630.0)
(2022,1225.0)
(216,1.0)
(1636,2926.0)
(884,6.0)
(1402,2701.0)
(246,91.0)
(3816,3.0)
(3126,28.0)
(1946,18145.0)
(2090,17766.0)
(2610,1275.0)
(3990,6.0)
(3866,171.0)
(1664,15.0)
(2786,5151.0)
(1198,3403.0)
(2402,105.0)
(3210,91.0)
(736,91.0)
(78,36.0)
(144,105.0)
(2448,528.0)
(3136,1891.0)
(494,253.0)
(2708,561.0)
(3056,3003.0)
(404,1275.0)
(782,78.0)
(3560,3.0)
(3150,3916.0)
(3780,120.0)
(1264,10.0)
(1758,351.0)
(310,78.0)
(774,666.0)
(2940,2016.0)
(1696,66.0)
(1770,1081.0)
(3610,105.0)
(2492,15753.0)
(1428,406.0)
(3744,3.0)
(1374,861.0)
(164,3.0)
(794,91.0)
(438,2485.0)
(1368,45.0)
(1574,2211.0)
(3512,78.0)
(2686,276.0)
(1210,780.0)
(3454,91.0)
(3574,105.0)
(602,0.0)
(2782,4753.0)
(3604,2850.0)
(1146,10731.0)
(474,190.0)
(2660,703.0)
(3016,406.0)
(650,231.0)
(2636,703.0)
(1022,6.0)
(1896,36.0)
(2952,3.0)
(3042,190.0)
(3048,105.0)
(1564,120.0)
(2736,10.0)
(1700,136.0)
(730,105.0)
(2016,153.0)
(2772,561.0)
(402,1596.0)
(1704,300.0)
(256,1.0)
(462,171.0)
(2086,9180.0)
(4030,171.0)
(3268,1.0)
(1174,153.0)
(3514,820.0)
(3102,1176.0)
(1598,9180.0)
(3978,6.0)
(2122,10585.0)
(3246,91.0)
(2098,6786.0)
(1806,496.0)
(3114,1035.0)
(2866,3003.0)
(2862,2485.0)
(2028,5565.0)
(172,820.0)
(916,10731.0)
(2472,2926.0)
(2738,3403.0)
(2184,17205.0)
(3212,595.0)
(2950,1128.0)
(3134,1.0)
(1864,5671.0)
(284,120.0)
(1956,28.0)
(674,0.0)
(914,120.0)
(3828,378.0)
(1672,300.0)
(1154,36.0)
(516,190.0)
(830,1485.0)
(840,351.0)
(3036,703.0)
(3410,120.0)
(3652,21.0)
(3368,36.0)
(16,36.0)
(2562,91.0)
(2176,6786.0)
(3308,36.0)
(54,28.0)
(286,1.0)
(1978,105.0)
(1790,703.0)
(2124,14196.0)
(2998,3.0)
(380,55.0)
(132,120.0)
(1052,1953.0)
(2162,105.0)
(1152,136.0)
(2884,15.0)
(500,3403.0)
(660,3.0)
(10,45.0)
(3578,276.0)
(2152,153.0)
(2404,14365.0)
(2218,20910.0)
(3004,1378.0)
(2456,28.0)
(2900,55.0)
(2566,325.0)
(2690,465.0)
(3252,3655.0)
(260,28.0)
(490,78.0)
(3570,0.0)
(844,91.0)
(2278,15051.0)
(314,78.0)
(900,78.0)
(3138,171.0)
(3352,78.0)
(598,120.0)
(3402,105.0)
(2252,45.0)
(3098,2080.0)
(1560,0.0)
(2692,10.0)
(3784,66.0)
(356,3.0)
(2282,11781.0)
(3588,6.0)
(3106,1891.0)
(3630,78.0)
(340,15.0)
(2076,136.0)
(2258,1176.0)
(2670,171.0)
(582,210.0)
(1546,3.0)
(2006,1326.0)
(3874,91.0)
(1314,325.0)
(904,3.0)
(170,1035.0)
(2038,7503.0)
(3528,630.0)
(1008,28.0)
(2466,55.0)
(732,91.0)
(2828,3003.0)
(1652,3240.0)
(1742,3081.0)
(2934,190.0)
(926,210.0)
(624,0.0)
(3216,21.0)
(1364,66.0)
(3774,153.0)
(2858,136.0)
(2414,16653.0)
(1446,630.0)
(2450,66.0)
(3594,66.0)
(728,703.0)
(2094,21.0)
(2468,15576.0)
(4000,36.0)
(644,300.0)
(112,3.0)
(1284,1770.0)
(3988,21.0)
(1612,17955.0)
(3396,2850.0)
(1514,595.0)
(1028,2211.0)
(184,153.0)
(1412,231.0)
(632,231.0)
(1476,10.0)
(1872,1225.0)
(1668,7381.0)
(1962,17391.0)
(3640,861.0)
(974,55.0)
(544,2211.0)
(2512,5460.0)
(2084,9870.0)
(2676,3403.0)
(126,21.0)
(1348,666.0)
(2238,78.0)
(2502,903.0)
(2572,171.0)
(1442,10.0)
(186,946.0)
(832,6.0)
(4004,45.0)
(3598,55.0)
(1254,15.0)
(1594,120.0)
(1958,561.0)
(2470,0.0)
(198,66.0)
(1272,3486.0)
(2226,1275.0)
(2810,1653.0)
(3506,1128.0)
(2656,120.0)
(168,55.0)
(3428,28.0)
(1016,36.0)
(2796,1770.0)
(1520,6786.0)
(2730,3916.0)
(1950,66.0)
(1510,6.0)
(1954,4278.0)
(2784,378.0)
(82,561.0)
(3486,435.0)
(3390,300.0)
(766,595.0)
(3450,153.0)
(866,10.0)
(222,55.0)
(1394,1.0)
(3424,21.0)
(3144,120.0)
(3510,190.0)
(336,3.0)
(1810,5151.0)
(214,136.0)
(1474,6.0)
(2638,13695.0)
(472,10.0)
(654,528.0)
(3876,36.0)
(1558,1.0)
(414,12561.0)
(3734,1176.0)
(2126,1431.0)
(3204,1081.0)
(4002,21.0)
(3550,171.0)
(546,435.0)
(1650,210.0)
(1382,820.0)
(3782,496.0)
(1526,231.0)
(2568,55.0)
(3952,6.0)
(942,2080.0)
(3736,66.0)
(4032,1.0)
(1372,21.0)
(2598,13366.0)
(2834,36.0)
(1698,171.0)
(1746,20301.0)
(2240,20100.0)
(3376,28.0)
(1572,903.0)
(2592,7750.0)
(1634,703.0)
(3026,4560.0)
(1646,153.0)
(1522,12090.0)
(2832,435.0)
(1986,11628.0)
(32,15.0)
(2222,1035.0)
(1238,11476.0)
(2864,2775.0)
(3864,21.0)
(1244,66.0)
(3814,28.0)
(3384,1176.0)
(2944,5565.0)
(382,66.0)
(1582,820.0)
(3288,1128.0)
(3830,5778.0)
(1820,2211.0)
(1164,351.0)
(3868,153.0)
(2382,1.0)
(412,4851.0)
(1432,1485.0)
(3806,15.0)
(2776,15.0)
(3446,55.0)
(2292,10011.0)
(104,496.0)
(458,325.0)
(1886,5460.0)
(3684,2211.0)
(868,6.0)
(3776,171.0)
(1902,8385.0)
(2812,300.0)
(1034,3.0)
(1568,406.0)
(1588,253.0)
(2624,17578.0)
(1018,1275.0)
(2816,55.0)
(1506,28.0)
(668,0.0)
(3448,1081.0)
(1376,16471.0)
(568,66.0)
(3160,435.0)
(2268,8385.0)
(2440,561.0)
(578,276.0)
(2232,2485.0)
(2208,231.0)
(3110,136.0)
(908,496.0)
(3628,253.0)
(3850,190.0)
(790,6.0)
(1712,5460.0)
(2104,16290.0)
(594,28.0)
(3316,741.0)
(2794,171.0)
(264,10.0)
(442,66.0)
(3326,120.0)
(3074,15.0)
(3112,66.0)
(3522,36.0)
(2096,210.0)
(1000,120.0)
(982,2278.0)
(1204,5671.0)
(2978,300.0)
(570,595.0)
(1798,561.0)
(2400,171.0)
(2044,300.0)
(1878,595.0)
(2072,8256.0)
(1846,703.0)
(1694,561.0)
(2652,1176.0)
(3738,435.0)
(3920,120.0)
(2574,5253.0)
(792,253.0)
(2432,378.0)
(3660,15.0)
(1628,3321.0)
(3464,465.0)
(416,210.0)
(3100,561.0)
(2982,105.0)
(1160,3828.0)
(2758,1035.0)
(680,351.0)
(3508,276.0)
(3878,45.0)
(3084,2850.0)
(788,6.0)
(2216,8778.0)
(564,36.0)
(1444,496.0)
(2390,1176.0)
(724,1081.0)
(276,153.0)
(2576,990.0)
(2048,136.0)
(1536,3321.0)
(3634,231.0)
(4024,0.0)
(1460,1035.0)
(1490,36.0)
(2264,2775.0)
(2504,11325.0)
(3286,253.0)
(3564,136.0)
(880,28.0)
(604,595.0)
(1964,4560.0)
(3676,10.0)
(3682,36.0)
(384,6.0)
(522,55.0)
