(1687,903.0)
(3007,276.0)
(3155,66.0)
(667,3.0)
(3197,28.0)
(1053,28.0)
(2493,15.0)
(1325,153.0)
(3517,136.0)
(3339,2628.0)
(3877,1485.0)
(3809,120.0)
(291,630.0)
(1,136.0)
(3973,28.0)
(931,105.0)
(755,171.0)
(1813,12090.0)
(2335,561.0)
(1393,1378.0)
(2021,465.0)
(1419,276.0)
(3949,66.0)
(2797,351.0)
(3165,21.0)
(2117,10011.0)
(355,741.0)
(1717,9591.0)
(801,0.0)
(3139,210.0)
(131,21.0)
(3449,990.0)
(347,21.0)
(2351,5995.0)
(2541,1.0)
(293,3.0)
(93,28.0)
(3789,28.0)
(3903,153.0)
(2325,3081.0)
(3611,1596.0)
(453,10.0)
(3487,45.0)
(1031,6.0)
(1377,17955.0)
(1005,91.0)
(2387,1225.0)
(3161,15.0)
(1075,3160.0)
(2511,9730.0)
(1363,210.0)
(3351,3486.0)
(1297,15.0)
(2721,15.0)
(79,66.0)
(3513,15.0)
(2657,1326.0)
(603,153.0)
(2909,2926.0)
(541,45.0)
(1749,78.0)
(2235,2415.0)
(3835,325.0)
(741,136.0)
(2239,946.0)
(3191,780.0)
(2787,1176.0)
(2615,17020.0)
(83,21.0)
(1017,11026.0)
(3109,153.0)
(735,10.0)
(423,1596.0)
(1279,946.0)
(1567,528.0)
(2439,45.0)
(1289,3570.0)
(831,105.0)
(1225,435.0)
(2135,3828.0)
(95,15.0)
(379,1.0)
(1641,91.0)
(3169,1830.0)
(2251,36.0)
(2133,12561.0)
(3963,15.0)
(4037,6.0)
(3901,28.0)
(959,1035.0)
(987,15.0)
(259,28.0)
(759,45.0)
(1977,36.0)
(3457,15.0)
(2293,1431.0)
(7,190.0)
(961,78.0)
(2187,10878.0)
(1035,325.0)
(675,253.0)
(1319,351.0)
(1405,1225.0)
(2867,3160.0)
(695,820.0)
(2961,55.0)
(491,55.0)
(2205,91.0)
(2669,4656.0)
(1407,666.0)
(2555,9045.0)
(417,1891.0)
(1373,2628.0)
(2875,1326.0)
(2683,3003.0)
(3957,153.0)
(359,325.0)
(2415,820.0)
(685,136.0)
(1947,7140.0)
(1155,990.0)
(1565,946.0)
(3499,210.0)
(3293,1770.0)
(2279,8256.0)
(3919,66.0)
(3737,741.0)
(791,21.0)
(1431,24090.0)
(3497,276.0)
(1187,190.0)
(1555,595.0)
(2175,28.0)
(1883,153.0)
(2247,7381.0)
(3703,105.0)
(2819,276.0)
(269,15.0)
(483,26565.0)
(2591,4560.0)
(1013,66.0)
(2017,21.0)
(2613,465.0)
(3061,91.0)
(2837,91.0)
(3045,28.0)
(2581,276.0)
(1157,10.0)
(2281,36.0)
(1175,8646.0)
(1369,1378.0)
(1755,1.0)
(601,300.0)
(1623,4950.0)
(393,21.0)
(2361,990.0)
(2653,2556.0)
(2059,18528.0)
(1109,703.0)
(1243,6216.0)
(3067,78.0)
(935,21.0)
(123,153.0)
(2515,78.0)
(3323,21.0)
(197,120.0)
(177,55.0)
(2985,1770.0)
(3653,6.0)
(2507,20100.0)
(2641,171.0)
(1481,136.0)
(4025,6.0)
(3533,105.0)
(1413,1770.0)
(1987,630.0)
(3569,325.0)
(727,325.0)
(2917,153.0)
(219,15.0)
(3997,55.0)
(2829,378.0)
(305,1.0)
(1417,10.0)
(173,66.0)
(821,36.0)
(1181,3916.0)
(3051,5050.0)
(671,10.0)
(3541,66.0)
(3655,105.0)
(3971,1081.0)
(2891,231.0)
(1135,2278.0)
(159,91.0)
(3133,45.0)
(2367,1225.0)
(1981,1485.0)
(857,66.0)
(3529,595.0)
(2451,5886.0)
(587,45.0)
(2571,435.0)
(1133,15.0)
(2513,105.0)
(3519,136.0)
(117,15.0)
(2023,300.0)
(2297,703.0)
(3783,78.0)
(3811,3.0)
(1795,3916.0)
(2661,4851.0)
(245,10.0)
(2103,16836.0)
(3337,276.0)
(1205,5151.0)
(559,3403.0)
(1799,11476.0)
(3685,105.0)
(3073,1891.0)
(2801,45.0)
(163,15.0)
(3713,325.0)
(1117,7381.0)
(2321,21.0)
(2151,3655.0)
(2497,300.0)
(3083,45.0)
(573,496.0)
(487,528.0)
(209,0.0)
(517,5356.0)
(129,21.0)
(1271,4560.0)
(2079,0.0)
(1123,2485.0)
(4005,3.0)
(1911,741.0)
(3853,0.0)
(1545,903.0)
(1933,55.0)
(3879,1.0)
(3549,105.0)
(635,231.0)
(3207,820.0)
(171,231.0)
(2739,465.0)
(3137,1176.0)
(3983,1.0)
(2005,11935.0)
(399,28.0)
(3435,1176.0)
(2121,12403.0)
(2183,8911.0)
(2527,6.0)
(679,21.0)
(1483,4560.0)
(1651,6.0)
(1207,2556.0)
(543,210.0)
(1603,10440.0)
(2629,8001.0)
(1231,2701.0)
(981,1081.0)
(2671,15.0)
(977,325.0)
(299,190.0)
(1769,300.0)
(2893,28.0)
(217,28.0)
(539,231.0)
(3029,1326.0)
(139,36.0)
(1865,28.0)
(3575,3.0)
(1139,276.0)
(1809,6328.0)
(2425,630.0)
(3357,105.0)
(533,15.0)
(1003,4465.0)
(3095,105.0)
(2697,120.0)
(1265,465.0)
(2053,6555.0)
(3743,171.0)
(1681,300.0)
(897,2145.0)
(1759,15.0)
(3539,45.0)
(165,55.0)
(1959,7140.0)
(2749,1378.0)
(1365,861.0)
(2717,1431.0)
(3823,91.0)
(3793,1176.0)
(3857,55.0)
(2123,20503.0)
(2561,11935.0)
(1919,1485.0)
(2113,45.0)
(1935,1225.0)
(2245,21.0)
(2809,171.0)
(633,105.0)
(3493,171.0)
(1227,3486.0)
(1573,3916.0)
(3105,66.0)
(1011,496.0)
(3039,231.0)
(3785,171.0)
(2689,2211.0)
(3183,0.0)
(3855,105.0)
(1163,4950.0)
(2111,16836.0)
(2137,1176.0)
(3447,15.0)
(435,45.0)
(975,1431.0)
(1293,1128.0)
(3445,21.0)
(3511,231.0)
(3345,2080.0)
(3535,171.0)
(441,28.0)
(699,1.0)
(3873,703.0)
(401,1.0)
(2043,15051.0)
(3885,1.0)
(3321,2346.0)
(2185,136.0)
(1459,5151.0)
(3013,276.0)
(1443,36.0)
(3571,136.0)
(2701,325.0)
(2923,120.0)
(891,0.0)
(1691,1770.0)
(1791,8515.0)
(2539,9730.0)
(2679,4278.0)
(2481,3.0)
(2885,6.0)
(1079,7503.0)
(1511,435.0)
(3579,120.0)
(2889,171.0)
(1569,1128.0)
(1209,2850.0)
(1095,276.0)
(3921,435.0)
(461,1378.0)
(879,15.0)
(2537,4465.0)
(805,2145.0)
(2673,406.0)
(3717,3.0)
(3257,861.0)
(817,276.0)
(151,21.0)
(1821,351.0)
(767,28.0)
(319,28.0)
(3931,231.0)
(2161,3321.0)
(1253,3.0)
(3317,21.0)
(2055,2628.0)
(3053,45.0)
(1375,2701.0)
(1473,1431.0)
(639,55.0)
(913,946.0)
(1771,190.0)
(2047,20910.0)
(175,136.0)
(497,3403.0)
(743,3.0)
(1785,435.0)
(2295,253.0)
(1141,153.0)
(3927,276.0)
(969,496.0)
(3719,253.0)
(1389,1035.0)
(1915,55.0)
(1495,2211.0)
(199,1081.0)
(2907,496.0)
(145,1.0)
(1549,1176.0)
(2149,8128.0)
(583,300.0)
(1899,3081.0)
(3481,91.0)
(2343,3081.0)
(709,136.0)
(25,2346.0)
(2449,1035.0)
(2789,171.0)
(3847,78.0)
(1153,9591.0)
(471,465.0)
(627,276.0)
(833,105.0)
(3799,91.0)
(2839,9316.0)
(3077,1485.0)
(3283,120.0)
(993,11781.0)
(1381,351.0)
(3631,45.0)
(2167,10.0)
(431,2485.0)
(3121,6.0)
(391,1830.0)
(1713,6.0)
(1643,4950.0)
(1487,1953.0)
(2447,1176.0)
(475,7381.0)
(1715,2080.0)
(1259,1081.0)
(3675,91.0)
(2533,4851.0)
(2301,45.0)
(2259,1485.0)
(2575,9870.0)
(349,10.0)
(549,21.0)
(939,136.0)
(2883,105.0)
(3573,231.0)
(445,351.0)
(45,66.0)
(3797,903.0)
(3151,91.0)
(2095,11781.0)
(3841,528.0)
(1457,1891.0)
(1953,7503.0)
(2417,2415.0)
(2557,465.0)
(2475,4656.0)
(853,946.0)
(1781,325.0)
(2509,8911.0)
(1815,276.0)
(3955,3.0)
(281,120.0)
(753,78.0)
(2207,231.0)
(2329,7626.0)
(2203,4950.0)
(1861,4851.0)
(3035,4005.0)
(1285,1485.0)
(3707,276.0)
(3415,406.0)
(1521,15.0)
(1701,21.0)
(3933,231.0)
(2795,276.0)
(1301,15.0)
(2453,91.0)
(1841,1176.0)
(2971,6.0)
(1803,300.0)
(1201,1653.0)
(2941,55.0)
(3779,171.0)
(1191,5995.0)
(3405,78.0)
(493,1540.0)
(1517,630.0)
(1637,4851.0)
(1753,3321.0)
(1663,27495.0)
(1827,20100.0)
(3531,36.0)
(3887,10.0)
(1147,10.0)
(2199,15225.0)
(893,6.0)
(2901,2926.0)
(3223,253.0)
(2073,18915.0)
(3371,105.0)
(3209,276.0)
(3871,28.0)
(3315,91.0)
(373,4371.0)
(369,325.0)
(1527,66.0)
(3837,136.0)
(3255,496.0)
(3547,78.0)
(3215,300.0)
(3325,171.0)
(1501,153.0)
(2051,36.0)
(1957,741.0)
(2027,946.0)
(1871,3321.0)
(2691,3.0)
(2785,946.0)
(17,78.0)
(659,276.0)
(2331,17955.0)
(861,45.0)
(3015,45.0)
(3753,300.0)
(3577,1326.0)
(447,0.0)
(3319,325.0)
(2427,300.0)
(3651,496.0)
(1989,3741.0)
(3353,1891.0)
(2863,5356.0)
(3893,15.0)
(2119,105.0)
(367,496.0)
(331,190.0)
(1889,105.0)
(77,15.0)
(775,1.0)
(3683,136.0)
(3063,55.0)
(1575,190.0)
(283,10.0)
(429,45.0)
(3985,15.0)
(1971,15400.0)
(2693,153.0)
(2035,435.0)
(1583,4656.0)
(3693,406.0)
(1467,7626.0)
(3725,171.0)
(1199,23436.0)
(2195,0.0)
(851,6.0)
(2163,465.0)
(3385,1378.0)
(3171,171.0)
(1425,561.0)
(3659,45.0)
(1475,2556.0)
(3981,28.0)
(787,406.0)
(547,496.0)
(4031,55.0)
(701,210.0)
(363,4560.0)
(645,406.0)
(2857,1.0)
(4033,3.0)
(3259,465.0)
(1823,8001.0)
(1801,253.0)
(419,1596.0)
(1551,14535.0)
(345,120.0)
(711,190.0)
(3341,465.0)
(1873,820.0)
(3807,1.0)
(885,36.0)
(1579,10.0)
(263,21.0)
(2845,325.0)
(1219,1431.0)
(1477,36.0)
(2143,5151.0)
(1563,6216.0)
(1833,18145.0)
(2879,120.0)
(3347,2850.0)
(3527,253.0)
(1025,406.0)
(3593,1081.0)
(771,105.0)
(3505,300.0)
(1671,496.0)
(2009,990.0)
(3891,276.0)
(3705,703.0)
(1997,9045.0)
(3665,15.0)
(849,435.0)
(3043,136.0)
(1055,91.0)
(2627,820.0)
(3145,2346.0)
(1709,1891.0)
(2781,2145.0)
(3555,190.0)
(2767,15.0)
(847,351.0)
(351,10.0)
(589,210.0)
(1353,3.0)
(3429,10.0)
(3411,1891.0)
(469,231.0)
(3695,105.0)
(1693,3.0)
(507,2080.0)
(2271,16110.0)
(3911,21.0)
(181,45.0)
(571,3.0)
(3543,45.0)
(2827,2775.0)
(3243,351.0)
(3821,325.0)
(3413,3.0)
(1585,190.0)
(2025,435.0)
(2763,1953.0)
(3249,91.0)
(3585,28.0)
(1037,666.0)
(3441,15.0)
(3767,45.0)
(3923,21.0)
(3889,105.0)
(2197,231.0)
(907,78.0)
(1379,1275.0)
(193,10.0)
(2383,276.0)
(2733,276.0)
(513,3916.0)
(937,21.0)
(707,45.0)
(2633,820.0)
(1171,276.0)
(2871,861.0)
(2433,10731.0)
(2441,6.0)
(3305,10.0)
(2881,990.0)
(3019,2415.0)
(3185,3160.0)
(449,45.0)
(279,1.0)
(2411,496.0)
(2109,9045.0)
(2835,946.0)
(3263,1653.0)
(2703,153.0)
(3991,3.0)
(1007,120.0)
(3011,861.0)
(773,630.0)
(1727,496.0)
(3057,136.0)
(3021,1225.0)
(2041,28.0)
(1203,28.0)
(643,276.0)
(1729,3160.0)
(2731,406.0)
(3975,105.0)
(53,465.0)
(3501,1225.0)
(2257,11935.0)
(3521,1653.0)
(613,0.0)
(3553,528.0)
(1789,5253.0)
(943,66.0)
(3401,28.0)
(2429,3655.0)
(2859,190.0)
(763,91.0)
(3819,78.0)
(69,45.0)
(1081,435.0)
(3775,36.0)
(2265,55.0)
(91,28.0)
(1233,1.0)
(2551,12403.0)
(1653,2701.0)
(2637,595.0)
(119,1891.0)
(2707,105.0)
(3463,276.0)
(3629,666.0)
(511,435.0)
(3989,15.0)
(757,6.0)
(477,66.0)
(2001,1770.0)
(1023,36.0)
(1737,3081.0)
(3099,45.0)
(1089,91.0)
(1121,276.0)
(883,0.0)
(1867,7503.0)
(3639,66.0)
(653,378.0)
(925,13861.0)
(3563,136.0)
(2757,3403.0)
(3087,1275.0)
(1291,6328.0)
(2057,861.0)
(3173,153.0)
(3557,465.0)
(911,0.0)
(2479,1035.0)
(2777,3403.0)
(2727,78.0)
(273,36.0)
(2609,1176.0)
(523,903.0)
(3327,1225.0)
(3079,741.0)
(3261,1431.0)
(3187,561.0)
(999,2926.0)
(1607,10.0)
(2519,595.0)
(2241,7021.0)
(3645,153.0)
(921,5565.0)
(839,105.0)
(1183,561.0)
(1811,1953.0)
(3329,171.0)
(1063,231.0)
(899,3.0)
(1091,190.0)
(1267,7140.0)
(1387,36.0)
(3881,153.0)
(3599,528.0)
(1619,6441.0)
(3925,10.0)
(3801,3.0)
(895,15.0)
(2505,10.0)
(2311,1275.0)
(1863,1176.0)
(2945,1431.0)
(1367,13695.0)
(295,45.0)
(2179,4371.0)
(1877,2016.0)
(335,0.0)
(361,253.0)
(3135,595.0)
(1303,1128.0)
(2115,9180.0)
(2181,136.0)
(881,21.0)
(4029,1.0)
(609,435.0)
(3275,406.0)
(3181,28.0)
(297,300.0)
(723,66.0)
(3859,15.0)
(641,2145.0)
(529,36.0)
(1547,7381.0)
(1685,4278.0)
(1625,300.0)
(1239,36.0)
(1591,4465.0)
(235,10.0)
(1415,435.0)
(909,66.0)
(1449,4005.0)
(1471,14196.0)
(2303,406.0)
(3479,105.0)
(2145,903.0)
(3625,666.0)
(3509,231.0)
(247,3.0)
(2979,153.0)
(3673,6.0)
(1535,2016.0)
(2877,5356.0)
(1441,120.0)
(2531,253.0)
(2209,630.0)
(3359,153.0)
(3967,120.0)
(1669,9316.0)
(1061,45.0)
(2377,4371.0)
(1045,66.0)
(3291,7021.0)
(2751,595.0)
(2989,1653.0)
(681,253.0)
(697,1326.0)
(945,6.0)
(3715,91.0)
(3277,2485.0)
(2131,19503.0)
(3727,15.0)
(1639,3003.0)
(2385,1596.0)
(1893,3403.0)
(1695,435.0)
(2793,4851.0)
(2981,253.0)
(1875,378.0)
(3597,3.0)
(3657,78.0)
(3907,325.0)
(565,190.0)
(2037,14878.0)
(3149,2145.0)
(3037,3.0)
(2895,36.0)
(3369,903.0)
(2083,10731.0)
(3269,36.0)
(3945,561.0)
(3523,91.0)
(1969,6.0)
(1773,253.0)
(2593,17020.0)
(137,120.0)
(229,15.0)
(953,5886.0)
(783,153.0)
(3899,21.0)
(3297,1953.0)
(231,210.0)
(1507,666.0)
(3119,2346.0)
(3439,36.0)
(2651,21.0)
(2269,0.0)
(2611,21321.0)
(2825,190.0)
(2407,3916.0)
(149,91.0)
(3125,1.0)
(655,15.0)
(3473,136.0)
(3551,36.0)
(1629,231.0)
(1087,21.0)
(997,4560.0)
(2085,435.0)
(1679,351.0)
(2559,13530.0)
(3163,253.0)
(3697,210.0)
(109,666.0)
(1397,120.0)
(167,21.0)
(3965,6.0)
(3735,120.0)
(3241,171.0)
(3425,45.0)
(15,0.0)
(2391,2556.0)
(3765,6.0)
(3127,15.0)
(2255,45.0)
(903,561.0)
(1983,19701.0)
(1051,1035.0)
(3081,300.0)
(2925,3081.0)
(1411,45.0)
(2309,19701.0)
(1489,231.0)
(1539,3081.0)
(2939,2346.0)
(227,105.0)
(1351,2211.0)
(223,351.0)
(3471,300.0)
(669,561.0)
(2423,13530.0)
(2347,42195.0)
(1649,595.0)
(101,171.0)
(3637,10.0)
(153,1.0)
(807,190.0)
(3833,496.0)
(3917,105.0)
(3427,36.0)
(2097,703.0)
(289,6.0)
(383,3.0)
(2489,5778.0)
(3567,91.0)
(459,45.0)
(1787,703.0)
(1327,1176.0)
(3377,465.0)
(2927,4186.0)
(3961,21.0)
(3093,120.0)
(3239,1891.0)
(1299,465.0)
(495,253.0)
(1627,3.0)
(341,66.0)
(1543,528.0)
(2919,2415.0)
(2065,325.0)
(2977,528.0)
(4027,21.0)
(1323,2926.0)
(3507,36.0)
(2861,55.0)
(41,276.0)
(409,561.0)
(3739,105.0)
(2687,210.0)
(2887,780.0)
(2359,10731.0)
(971,561.0)
(261,703.0)
(1485,1081.0)
(2455,120.0)
(1491,7750.0)
(1395,1.0)
(213,741.0)
(2521,9870.0)
(1965,190.0)
(2201,17955.0)
(1613,16471.0)
(2283,12880.0)
(877,6.0)
(3647,28.0)
(3829,666.0)
(2365,1485.0)
(1251,66.0)
(3667,253.0)
(425,171.0)
(1333,528.0)
(1975,630.0)
(1991,1176.0)
(3773,91.0)
(1039,351.0)
(1263,15.0)
(2525,595.0)
(1571,1770.0)
(1223,231.0)
(325,741.0)
(2743,1275.0)
(407,105.0)
(927,2775.0)
(1751,1225.0)
(2237,7626.0)
(4013,15.0)
(1021,1830.0)
(765,91.0)
(1455,10.0)
(3397,6555.0)
(179,3.0)
(2483,3.0)
(2619,13366.0)
(3681,45.0)
(983,1891.0)
(3361,91.0)
(133,153.0)
(2233,24531.0)
(949,253.0)
(1955,4186.0)
(3459,105.0)
(1917,17955.0)
(951,190.0)
(3235,28.0)
(1041,1128.0)
(2635,190.0)
(3909,231.0)
(1783,7260.0)
(1655,1540.0)
(1703,2415.0)
(3995,36.0)
(1423,1830.0)
(1887,55.0)
(687,378.0)
(485,10.0)
(3265,1128.0)
(2253,12246.0)
(2831,153.0)
(2933,91.0)
(3419,1953.0)
(3233,1953.0)
(3677,1225.0)
(1105,6.0)
(1805,231.0)
(233,1.0)
(1249,105.0)
(2289,12720.0)
(1985,24976.0)
(3107,1275.0)
(537,780.0)
(2465,1770.0)
(2681,990.0)
(3355,1431.0)
(3951,595.0)
(1761,7260.0)
(3333,21.0)
(2191,3828.0)
(4019,28.0)
(3787,10.0)
(3605,741.0)
(147,15.0)
(451,300.0)
(1831,861.0)
(315,1540.0)
(3455,703.0)
(3751,15.0)
(3589,1.0)
(3621,55.0)
(2573,11476.0)
(3875,1.0)
(1907,435.0)
(1445,36.0)
(1925,7750.0)
(11,0.0)
(1661,3160.0)
(1721,6555.0)
(3229,91.0)
(2405,190.0)
(2869,2415.0)
(3791,210.0)
(195,36.0)
(215,0.0)
(443,1.0)
(3383,136.0)
(2949,190.0)
(1255,7626.0)
(2305,120.0)
(3423,120.0)
(21,2080.0)
(321,3.0)
(577,231.0)
(715,45.0)
(403,190.0)
(967,5671.0)
(3303,630.0)
(3661,15.0)
(2323,16653.0)
(3467,3.0)
(1973,2080.0)
(815,741.0)
(2397,595.0)
(799,66.0)
(2081,14706.0)
(637,6555.0)
(3869,496.0)
(489,276.0)
(2517,15.0)
(3391,1378.0)
(1165,325.0)
(1029,3081.0)
(1677,630.0)
(599,253.0)
(2605,136.0)
(2747,78.0)
(855,6.0)
(1851,861.0)
(929,10.0)
(2929,1128.0)
(2963,6.0)
(2159,1128.0)
(4007,6.0)
(1731,28.0)
(1099,1540.0)
(1689,7626.0)
(1961,21.0)
(2487,36.0)
(3195,2556.0)
(2709,66.0)
(3831,300.0)
(1505,1711.0)
(387,630.0)
(2987,351.0)
(1125,6786.0)
(1635,561.0)
(2587,171.0)
(375,136.0)
(1049,3321.0)
(3177,820.0)
(3747,231.0)
(3495,1540.0)
(835,190.0)
(1383,6.0)
(127,120.0)
(1399,15753.0)
(275,45.0)
(3123,528.0)
(1597,6216.0)
(3537,6.0)
(1945,10585.0)
(2897,1431.0)
(2263,21.0)
(827,990.0)
(919,406.0)
(1825,406.0)
(251,91.0)
(1509,8515.0)
(2413,136.0)
(9,1596.0)
(3251,36.0)
(2011,780.0)
(2865,741.0)
(3253,1275.0)
(651,2628.0)
(3623,171.0)
(3461,28.0)
(1359,3486.0)
(3031,0.0)
(1229,1081.0)
(467,6.0)
(3805,10.0)
(397,1081.0)
(3679,78.0)
(3709,0.0)
(1107,9870.0)
(1949,28.0)
(631,55.0)
(3969,300.0)
(3451,0.0)
(863,55.0)
(1843,780.0)
(2101,2485.0)
(3845,190.0)
(2649,7381.0)
(1699,861.0)
(501,28.0)
(3071,0.0)
(1437,1540.0)
(869,21.0)
(3049,2850.0)
(3761,210.0)
(3641,45.0)
(3999,6.0)
(2147,820.0)
(2141,276.0)
(2459,1035.0)
(499,3.0)
(1531,231.0)
(2193,91.0)
(3825,351.0)
(3491,253.0)
(267,1.0)
(3863,55.0)
(327,6.0)
(3379,300.0)
(3017,2415.0)
(3201,4186.0)
(1337,630.0)
(683,528.0)
(415,325.0)
(2529,630.0)
(1673,780.0)
(3417,3916.0)
(1891,2485.0)
(1849,7021.0)
(2091,561.0)
(2071,7503.0)
(103,120.0)
(1149,5151.0)
(3749,15.0)
(1065,1.0)
(905,136.0)
(2069,14028.0)
(1605,4005.0)
(2067,528.0)
(3211,300.0)
(343,153.0)
(1245,780.0)
(2713,465.0)
(1235,5671.0)
(33,1.0)
(2495,10440.0)
(23,136.0)
(1853,66.0)
(1221,2485.0)
(1979,15400.0)
(1659,3321.0)
(2213,5253.0)
(3025,1431.0)
(3131,28.0)
(3,136.0)
(3285,351.0)
(3287,1128.0)
(3515,55.0)
(1537,171.0)
(271,2628.0)
(1743,325.0)
(3189,171.0)
(2019,171.0)
(2107,666.0)
(1287,2145.0)
(557,666.0)
(2959,136.0)
(1321,300.0)
(1347,2701.0)
(2291,136.0)
(121,66.0)
(1167,378.0)
(1177,105.0)
(2031,1378.0)
(1697,28.0)
(1967,1.0)
(923,28.0)
(2363,13861.0)
(3365,1035.0)
(2461,7626.0)
(51,21.0)
(973,153.0)
(3199,231.0)
(2467,8385.0)
(567,1953.0)
(2463,7875.0)
(2393,496.0)
(285,1081.0)
(843,78.0)
(3867,325.0)
(1735,5886.0)
(421,300.0)
(1733,703.0)
(569,105.0)
(1185,12090.0)
(629,55.0)
(1009,1596.0)
(3217,15.0)
(689,28.0)
(2975,3.0)
(1435,1540.0)
(1077,105.0)
(555,703.0)
(1463,45.0)
(3595,91.0)
(663,36.0)
(2409,15753.0)
(1257,1485.0)
(2737,210.0)
(2127,6216.0)
(3617,528.0)
(965,120.0)
(1151,15.0)
(829,561.0)
(3281,66.0)
(27,10.0)
(2435,351.0)
(2855,6.0)
(3373,136.0)
(3033,3828.0)
(3755,28.0)
(4023,153.0)
(3993,15.0)
(3733,3.0)
(249,276.0)
(257,153.0)
(1777,10.0)
(3375,3.0)
(1047,2080.0)
(1581,0.0)
(751,66.0)
(1561,300.0)
(733,28.0)
(2579,6670.0)
(39,105.0)
(3331,630.0)
(1503,378.0)
(769,105.0)
(2327,7750.0)
(71,3.0)
(2033,14878.0)
(1905,55.0)
(3113,2278.0)
(729,78.0)
(1127,210.0)
(311,21.0)
(933,300.0)
(1923,1540.0)
(957,2080.0)
(1723,1176.0)
(1793,10440.0)
(3437,149331.0)
(1027,3.0)
(2791,66.0)
(211,435.0)
(3055,15.0)
(3311,55.0)
(3475,496.0)
(1609,4186.0)
(2851,231.0)
(3205,105.0)
(509,105.0)
(721,10.0)
(2665,1225.0)
(2943,3321.0)
(1307,465.0)
(1015,630.0)
(3009,171.0)
(59,171.0)
(985,21.0)
(2299,11935.0)
(411,3.0)
(677,231.0)
(1315,946.0)
(2315,2628.0)
(3129,595.0)
(3979,66.0)
(3559,351.0)
(1611,2556.0)
(3477,15.0)
(2937,1953.0)
(809,153.0)
(1541,528.0)
(2631,6670.0)
(31,253.0)
(841,1.0)
(3273,325.0)
(3619,6.0)
(661,276.0)
(1533,595.0)
(1937,6.0)
(1145,0.0)
(647,171.0)
(29,78.0)
(2375,15.0)
(2759,231.0)
(2485,9316.0)
(1033,136.0)
(591,1035.0)
(161,300.0)
(1817,105.0)
(2523,136.0)
(1879,11175.0)
(1943,18336.0)
(1101,7503.0)
(963,528.0)
(2503,120.0)
(3167,136.0)
(2899,15.0)
(313,666.0)
(3097,820.0)
(2499,4278.0)
(3147,10.0)
(3687,528.0)
(2473,1176.0)
(2169,5886.0)
(1129,1770.0)
(519,300.0)
(3381,1431.0)
(337,36.0)
(1909,820.0)
(2811,21.0)
(1529,861.0)
(3309,153.0)
(3977,15.0)
(2585,780.0)
(2319,7381.0)
(779,153.0)
(1345,4656.0)
(585,0.0)
(3103,190.0)
(3221,325.0)
(3663,91.0)
(371,10.0)
(3803,210.0)
(3609,351.0)
(479,666.0)
(1269,7875.0)
(1837,703.0)
(2773,1596.0)
(3897,6.0)
(2667,190.0)
(575,66.0)
(3943,300.0)
(2761,378.0)
(457,190.0)
(615,276.0)
(3929,105.0)
(1057,10.0)
(1767,630.0)
(1857,2628.0)
(2577,190.0)
(2229,21321.0)
(3731,780.0)
(3635,351.0)
(2445,2415.0)
(2705,351.0)
(1371,666.0)
(353,5151.0)
(65,66.0)
(865,6.0)
(35,1.0)
(2129,703.0)
(3225,378.0)
(2873,2628.0)
(1349,861.0)
(941,1431.0)
(1341,7503.0)
(2215,1653.0)
(2655,14028.0)
(2171,2145.0)
(1999,561.0)
(1197,105.0)
(339,351.0)
(3407,1.0)
(1281,820.0)
(3279,300.0)
(3817,66.0)
(1705,351.0)
(2217,78.0)
(1461,28.0)
(673,6.0)
(253,3.0)
(1173,6555.0)
(1897,630.0)
(2813,351.0)
(169,703.0)
(1497,406.0)
(1747,231.0)
(2477,6328.0)
(1587,1378.0)
(3745,15.0)
(545,1035.0)
(2663,325.0)
(2947,136.0)
(1189,703.0)
(1577,14365.0)
(3115,1830.0)
(1019,1653.0)
(825,15.0)
(1617,6786.0)
(4009,45.0)
(2379,630.0)
(3143,6.0)
(1499,66.0)
(1479,3486.0)
(871,21.0)
(1819,3828.0)
(3813,21.0)
(87,78.0)
(287,0.0)
(5,78.0)
(13,465.0)
(455,666.0)
(1215,903.0)
(2243,1711.0)
(2139,15753.0)
(3883,105.0)
(3649,105.0)
(4015,0.0)
(4017,36.0)
(691,15.0)
(2779,171.0)
(2153,9591.0)
(3335,2080.0)
(607,0.0)
(2105,55.0)
(2349,153.0)
(2765,1081.0)
(75,91.0)
(2553,14878.0)
(3913,153.0)
(901,561.0)
(3179,2278.0)
(1465,5778.0)
(2373,66.0)
(1335,8128.0)
(1331,10585.0)
(2501,2850.0)
(2007,14535.0)
(3027,2145.0)
(2277,120.0)
(61,3.0)
(747,1596.0)
(3947,496.0)
(2621,15.0)
(97,3.0)
(1513,1326.0)
(1595,741.0)
(3689,3.0)
(3627,171.0)
(3193,351.0)
(803,190.0)
(2903,28.0)
(3003,6.0)
(3483,78.0)
(2165,8128.0)
(3633,2080.0)
(777,153.0)
(1143,91.0)
(2317,630.0)
(2771,91.0)
(3671,36.0)
(979,45.0)
(1137,406.0)
(1757,8515.0)
(3393,171.0)
(3691,3.0)
(1711,10.0)
(365,15.0)
(1859,1035.0)
(3395,703.0)
(1921,780.0)
(2313,3570.0)
(2227,21.0)
(795,153.0)
(1645,1540.0)
(307,6.0)
(2643,4950.0)
(2389,378.0)
(2677,105.0)
(1355,666.0)
(2957,91.0)
(3433,2080.0)
(1523,2346.0)
(3389,21.0)
(3465,120.0)
(303,210.0)
(1329,9180.0)
(1073,45.0)
(201,6.0)
(703,903.0)
(623,136.0)
(2715,496.0)
(3023,595.0)
(1807,1275.0)
(535,66.0)
(1739,91.0)
(2371,630.0)
(605,153.0)
(2049,666.0)
(2231,630.0)
(1995,1953.0)
(2261,8256.0)
(3409,120.0)
(3795,10.0)
(2931,1378.0)
(1601,496.0)
(2471,8646.0)
(1097,630.0)
(781,1326.0)
(3935,0.0)
(1885,378.0)
(719,2016.0)
(2973,2628.0)
(2219,10.0)
(2659,1653.0)
(255,1.0)
(2853,1891.0)
(3839,10.0)
(1409,5565.0)
(1261,2278.0)
(3937,91.0)
(621,21.0)
(3721,435.0)
(3583,45.0)
(515,1830.0)
(731,325.0)
(3701,105.0)
(2607,18915.0)
(1069,210.0)
(2337,595.0)
(3581,66.0)
(2617,6441.0)
(1553,666.0)
(2843,406.0)
(2061,1128.0)
(3111,1326.0)
(2685,66.0)
(381,66.0)
(3421,190.0)
(1217,1081.0)
(81,3.0)
(3591,171.0)
(1241,190.0)
(1311,276.0)
(2339,16471.0)
(2805,28.0)
(2597,5460.0)
(3771,21.0)
(3231,378.0)
(649,10.0)
(427,36.0)
(2089,253.0)
(2911,2346.0)
(1615,276.0)
(1059,13530.0)
(1829,120.0)
(3289,171.0)
(505,78.0)
(581,1.0)
(3741,153.0)
(1195,1176.0)
(1427,2145.0)
(2421,28.0)
(3001,595.0)
(1901,91.0)
(1317,210.0)
(2403,136.0)
(915,595.0)
(1159,1830.0)
(187,120.0)
(2675,703.0)
(553,3570.0)
(1433,253.0)
(1903,780.0)
(2333,12720.0)
(3953,6.0)
(243,28.0)
(2155,820.0)
(329,435.0)
(3367,55.0)
(73,45.0)
(665,153.0)
(2015,10.0)
(3343,91.0)
(237,21.0)
(2735,171.0)
(2915,4095.0)
(1453,378.0)
(143,66.0)
(595,171.0)
(579,741.0)
(2599,91.0)
(3245,91.0)
(2563,5995.0)
(389,1128.0)
(3861,120.0)
(819,666.0)
(3603,36.0)
(3443,231.0)
(439,903.0)
(2991,1830.0)
(2953,561.0)
(1237,1770.0)
(3827,28.0)
(265,351.0)
(2545,36.0)
(437,45.0)
(2565,6.0)
(2905,2701.0)
(2753,1326.0)
(2173,435.0)
(1515,2346.0)
(3669,21.0)
(111,91.0)
(527,1035.0)
(2623,8385.0)
(3777,45.0)
(3587,136.0)
(89,28.0)
(1855,15.0)
(2729,1953.0)
(3267,2556.0)
(241,1.0)
(597,231.0)
(3101,7381.0)
(481,351.0)
(1951,2016.0)
(2491,7260.0)
(2583,1035.0)
(99,78.0)
(2699,78.0)
(277,2080.0)
(1447,10011.0)
(2807,231.0)
(1797,10.0)
(737,120.0)
(333,28.0)
(1775,28.0)
(3301,780.0)
(2993,1540.0)
(845,253.0)
(1931,741.0)
(2221,820.0)
(2755,3916.0)
(3387,4656.0)
(561,3240.0)
(3157,105.0)
(2847,66.0)
(705,2346.0)
(797,325.0)
(1559,17205.0)
(2093,15576.0)
(135,45.0)
(1927,1485.0)
(2401,210.0)
(1745,171.0)
(2999,435.0)
(2723,66.0)
(785,3.0)
(3399,666.0)
(2275,17020.0)
(3613,105.0)
(239,1711.0)
(3643,276.0)
(4011,6.0)
(189,21.0)
(1707,17020.0)
(867,28.0)
(2725,28.0)
(3175,15.0)
(2935,66.0)
(875,0.0)
(2741,1596.0)
(2569,0.0)
(3219,741.0)
(1111,36.0)
(1939,3081.0)
(3759,171.0)
(2307,9870.0)
(531,780.0)
(1071,3.0)
(3865,6.0)
(1683,7503.0)
(3089,1326.0)
(563,4095.0)
(1343,666.0)
(2803,231.0)
(385,28.0)
(1913,171.0)
(2345,1326.0)
(3363,8515.0)
(2645,1431.0)
(3403,1326.0)
(2995,105.0)
(1493,325.0)
(43,0.0)
(2567,6670.0)
(3561,91.0)
(2457,0.0)
(1385,105.0)
(301,3.0)
(2039,6216.0)
(2099,120.0)
(3091,15.0)
(1131,496.0)
(1657,10.0)
(3895,78.0)
(2045,15400.0)
(2711,465.0)
(3601,210.0)
(995,2145.0)
(1115,630.0)
(3453,0.0)
(1043,66.0)
(3769,78.0)
(3065,1378.0)
(2745,528.0)
(3815,105.0)
(2357,78.0)
(2273,4095.0)
(749,1.0)
(357,153.0)
(433,45.0)
(2287,2278.0)
(1835,16471.0)
(19,120.0)
(1277,7626.0)
(2647,1128.0)
(2189,6328.0)
(1305,5356.0)
(1525,1596.0)
(1421,276.0)
(1211,14878.0)
(3781,6.0)
(3085,1326.0)
(473,496.0)
(1741,5356.0)
(1339,4950.0)
(3843,28.0)
(4001,1.0)
(2013,36.0)
(2549,12880.0)
(37,0.0)
(2381,15400.0)
(185,325.0)
(2437,10.0)
(2695,55.0)
(3047,1225.0)
(3271,10.0)
(63,15.0)
(203,1596.0)
(309,45.0)
(859,1.0)
(2913,2775.0)
(2921,780.0)
(2443,253.0)
(2823,703.0)
(1881,1378.0)
(2063,9870.0)
(3005,903.0)
(2595,3.0)
(2419,5886.0)
(3723,28.0)
(1839,13530.0)
(2969,2485.0)
(1631,36.0)
(3565,6.0)
(3711,406.0)
(3729,0.0)
(113,780.0)
(1779,231.0)
(2225,861.0)
(3905,28.0)
(2601,17955.0)
(1439,210.0)
(525,2346.0)
(3939,6.0)
(2955,946.0)
(413,136.0)
(2029,561.0)
(3213,630.0)
(1357,465.0)
(1519,528.0)
(3849,10.0)
(3915,231.0)
(1847,325.0)
(2399,2926.0)
(2639,666.0)
(3247,2145.0)
(551,136.0)
(1869,105.0)
(191,3.0)
(793,190.0)
(761,28.0)
(2965,136.0)
(57,105.0)
(3615,190.0)
(1765,2145.0)
(1763,496.0)
(463,903.0)
(1295,10.0)
(2469,9045.0)
(2267,3403.0)
(3313,496.0)
(1193,36.0)
(49,6.0)
(2223,6670.0)
(1085,2145.0)
(2249,171.0)
(693,91.0)
(2341,325.0)
(2625,17205.0)
(2799,28.0)
(3987,1.0)
(115,210.0)
(1599,55.0)
(717,6.0)
(1161,171.0)
(1941,24753.0)
(2547,1431.0)
(3489,10.0)
(823,1540.0)
(2849,3240.0)
(889,78.0)
(2125,7260.0)
(317,21.0)
(813,45.0)
(1469,1596.0)
(141,378.0)
(221,28.0)
(1273,2016.0)
(2775,351.0)
(2535,55.0)
(1113,1081.0)
(2177,55.0)
(3469,378.0)
(745,1596.0)
(1401,66.0)
(917,8385.0)
(1247,276.0)
(955,45.0)
(1621,17766.0)
(2355,435.0)
(1067,2850.0)
(593,10.0)
(1179,990.0)
(2075,1128.0)
(3959,1.0)
(2077,7875.0)
(4035,0.0)
(2833,3321.0)
(3075,253.0)
(3851,1711.0)
(2157,741.0)
(105,91.0)
(125,6.0)
(1451,465.0)
(157,3.0)
(1665,8001.0)
(1429,703.0)
(3607,28.0)
(625,210.0)
(611,120.0)
(1403,36.0)
(2951,5151.0)
(2589,3081.0)
(2211,1431.0)
(1083,5565.0)
(2997,91.0)
(887,15.0)
(3069,120.0)
(1169,171.0)
(1963,3655.0)
(725,28.0)
(1725,1275.0)
(3059,10.0)
(2817,10.0)
(657,21.0)
(713,2485.0)
(1895,666.0)
(4003,10.0)
(837,78.0)
(1283,496.0)
(1667,351.0)
(1589,20910.0)
(2719,4950.0)
(395,2926.0)
(2431,10.0)
(3307,171.0)
(1675,6786.0)
(617,300.0)
(947,6555.0)
(1845,5050.0)
(1213,190.0)
(503,1653.0)
(2603,2278.0)
(1119,0.0)
(3041,351.0)
(1361,9316.0)
(2815,1596.0)
(3159,21.0)
(3349,66.0)
(2769,66.0)
(67,2850.0)
(3117,1953.0)
(811,36.0)
(1313,561.0)
(1309,903.0)
(85,91.0)
(405,55.0)
(789,78.0)
(3295,1035.0)
(2369,19306.0)
(3545,3403.0)
(2783,528.0)
(1993,20503.0)
(225,45.0)
(619,325.0)
(2087,12090.0)
(3485,171.0)
(3153,55.0)
(465,3003.0)
(1719,171.0)
(323,741.0)
(3763,66.0)
(55,136.0)
(3237,378.0)
(107,545490.0)
(2285,1485.0)
(4021,55.0)
(1647,1225.0)
(1633,253.0)
(3757,136.0)
(205,1.0)
(3227,10.0)
(1275,1596.0)
(2983,136.0)
(873,15.0)
(183,1.0)
(1929,11325.0)
(1593,496.0)
(2841,465.0)
(1391,15225.0)
(3699,3.0)
(2395,15931.0)
(1001,741.0)
(2821,78.0)
(47,1.0)
(1557,11325.0)
(3431,253.0)
(1093,36.0)
(2543,43071.0)
(989,595.0)
(3299,1770.0)
(1103,28.0)
(207,3.0)
(3941,21.0)
(3503,78.0)
(2003,1128.0)
(521,105.0)
(739,406.0)
(991,171.0)
(377,1.0)
(3203,465.0)
(3141,55.0)
(2353,3655.0)
(2967,231.0)
(155,3.0)
(3525,630.0)
