(1687,0.3997785160575858)
(3007,0.4673913043478261)
(3155,0.5757575757575758)
(667,1.0)
(3197,0.7857142857142857)
(1053,0.39285714285714285)
(2493,0.8)
(1325,0.6601307189542484)
(3517,0.7132352941176471)
(3339,0.5901826484018264)
(3877,0.37575757575757573)
(3809,0.6166666666666667)
(291,0.38095238095238093)
(1,0.41911764705882354)
(3973,0.8571428571428571)
(931,0.6761904761904762)
(755,0.6023391812865497)
(1813,0.42555831265508687)
(2335,0.40998217468805703)
(1393,0.5014513788098693)
(2021,0.8516129032258064)
(1419,0.23550724637681159)
(3949,0.30303030303030304)
(2797,0.6638176638176638)
(3165,0.6666666666666666)
(2117,0.43342323444211367)
(355,0.4777327935222672)
(1717,0.5139192993431342)
(3139,0.49523809523809526)
(131,1.0)
(3449,0.5606060606060606)
(347,0.8095238095238095)
(2351,0.678231859883236)
(2541,1.0)
(293,1.0)
(93,0.8571428571428571)
(3789,0.6428571428571429)
(3903,0.6666666666666666)
(2325,0.3810451152223304)
(3611,0.4342105263157895)
(453,0.5)
(3487,0.5555555555555556)
(1031,0.8333333333333334)
(1377,0.4536897800055695)
(1005,0.9120879120879121)
(2387,0.5126530612244898)
(3161,0.4666666666666667)
(1075,0.5193037974683544)
(2511,0.5707091469681398)
(1363,0.8714285714285714)
(3351,0.5418818129661503)
(1297,0.8666666666666667)
(2721,1.0)
(79,0.9393939393939394)
(3513,0.8)
(2657,0.7051282051282052)
(603,0.7973856209150327)
(2909,0.518796992481203)
(541,0.5777777777777777)
(1749,0.4358974358974359)
(2235,0.5995859213250517)
(3835,0.7538461538461538)
(741,0.5955882352941176)
(2239,0.6035940803382663)
(3191,0.367948717948718)
(2787,0.28316326530612246)
(2615,0.7790246768507638)
(83,0.8571428571428571)
(1017,0.5286595320152367)
(3109,0.6601307189542484)
(735,0.8)
(423,0.5006265664160401)
(1279,0.7484143763213531)
(1567,0.5378787878787878)
(2439,0.7333333333333333)
(1289,0.6647058823529411)
(831,0.6095238095238096)
(1225,0.6229885057471264)
(2135,0.7199582027168234)
(95,0.8666666666666667)
(1641,0.3516483516483517)
(3963,0.8)
(3169,0.7316939890710382)
(2251,0.4166666666666667)
(379,1.0)
(2133,0.4239312156675424)
(4037,0.6666666666666666)
(3901,0.4642857142857143)
(959,0.6492753623188405)
(987,0.4)
(259,0.6785714285714286)
(759,0.6222222222222222)
(1977,0.8333333333333334)
(3457,0.6666666666666666)
(2293,0.8190076869322153)
(7,0.43157894736842106)
(961,0.2692307692307692)
(2187,0.6114175399889685)
(1035,0.44)
(675,0.9011857707509882)
(1319,0.9202279202279202)
(1405,0.28816326530612246)
(2867,0.5104430379746835)
(695,0.5146341463414634)
(2961,0.36363636363636365)
(491,0.8545454545454545)
(2205,0.7692307692307693)
(2669,0.5375859106529209)
(1407,0.551051051051051)
(2555,0.6121614151464898)
(417,0.5901639344262295)
(1373,0.4520547945205479)
(2875,0.4803921568627451)
(2683,0.43356643356643354)
(3957,0.7908496732026143)
(359,0.5415384615384615)
(2415,0.875609756097561)
(685,0.7647058823529411)
(1947,0.5686274509803921)
(1155,0.44747474747474747)
(1565,0.53276955602537)
(3499,0.3904761904761905)
(3293,0.523728813559322)
(2279,0.6197916666666666)
(3919,0.9848484848484849)
(3737,0.5276653171390013)
(791,0.8571428571428571)
(3497,0.6376811594202898)
(1431,0.43341635533416356)
(1187,0.6)
(1555,0.453781512605042)
(2175,0.7142857142857143)
(2247,0.5691640699092264)
(1883,0.37254901960784315)
(3703,0.6476190476190476)
(2819,0.27898550724637683)
(269,0.4666666666666667)
(483,0.1616412572934312)
(2591,0.8739035087719298)
(1013,0.3787878787878788)
(2017,0.38095238095238093)
(2613,0.8473118279569892)
(3061,0.5824175824175825)
(2837,0.6153846153846154)
(3045,0.5)
(2581,0.3007246376811594)
(1157,0.8)
(2281,0.75)
(1175,0.4511913023363405)
(1369,0.2895500725689405)
(1755,1.0)
(601,0.4166666666666667)
(2653,0.7730829420970265)
(393,1.0)
(1623,0.6430303030303031)
(2361,0.35555555555555557)
(2059,0.7787672711571675)
(1109,0.49786628733997157)
(1243,0.5535714285714286)
(3067,0.2692307692307692)
(935,0.5238095238095238)
(123,0.6928104575163399)
(2515,0.8076923076923077)
(3323,0.47619047619047616)
(197,0.7416666666666667)
(177,0.7636363636363637)
(2985,0.7056497175141243)
(3653,1.0)
(2507,0.7392039800995025)
(2641,0.6023391812865497)
(1481,0.5588235294117647)
(4025,1.0)
(3533,0.580952380952381)
(1413,0.6135593220338983)
(1987,0.6158730158730159)
(3569,0.7169230769230769)
(727,0.5415384615384615)
(2917,0.7189542483660131)
(219,0.7333333333333333)
(3997,0.7454545454545455)
(2829,0.6772486772486772)
(305,1.0)
(1417,0.7)
(173,0.24242424242424243)
(821,0.75)
(1181,0.693564862104188)
(3051,0.3724752475247525)
(671,0.9)
(3541,0.9242424242424242)
(3655,0.9047619047619048)
(3971,0.4301572617946346)
(2891,0.6060606060606061)
(1135,0.5930640913081651)
(159,0.6263736263736264)
(3133,0.6444444444444445)
(2367,0.5224489795918368)
(1981,0.7804713804713804)
(857,0.42424242424242425)
(3529,0.4084033613445378)
(2451,0.6219843696907917)
(587,0.9111111111111111)
(2571,0.5103448275862069)
(1133,0.6666666666666666)
(2513,0.8380952380952381)
(3519,0.8455882352941176)
(117,0.4666666666666667)
(2023,0.49666666666666665)
(2297,0.6770981507823614)
(3783,0.9743589743589743)
(3811,1.0)
(1795,0.5944841675178754)
(2661,0.4683570397856112)
(245,0.7)
(2103,0.7600974103112378)
(3337,0.47101449275362317)
(1205,0.5589205979421471)
(559,0.5071995298266235)
(1799,0.546270477518299)
(3685,0.819047619047619)
(3073,0.5044949762030672)
(2801,0.8)
(163,0.5333333333333333)
(3713,0.7569230769230769)
(1117,0.5699769678905298)
(2321,0.38095238095238093)
(2151,0.7493844049247605)
(3879,1.0)
(2497,0.5133333333333333)
(573,0.5725806451612904)
(487,0.6174242424242424)
(3083,0.7777777777777778)
(4005,1.0)
(517,0.3525018670649739)
(1123,0.45593561368209257)
(1911,0.31309041835357626)
(1271,0.656578947368421)
(129,0.9047619047619048)
(1545,0.29346622369878184)
(1933,0.6545454545454545)
(3549,0.5142857142857142)
(635,0.8917748917748918)
(3207,0.49634146341463414)
(171,0.21645021645021645)
(2739,0.3741935483870968)
(3137,0.39540816326530615)
(3983,1.0)
(2005,0.8135735232509426)
(399,0.9285714285714286)
(3435,0.5739795918367347)
(2121,0.8281061033620898)
(2183,0.6125014027606329)
(2527,0.6666666666666666)
(679,0.8571428571428571)
(1483,0.5396929824561404)
(1651,1.0)
(1207,0.6815336463223787)
(543,0.46190476190476193)
(1603,0.5884099616858237)
(2629,0.6260467441569804)
(1231,0.537578674564976)
(981,0.7622571692876966)
(2671,1.0)
(977,0.56)
(299,0.6842105263157895)
(1769,0.5633333333333334)
(2893,0.42857142857142855)
(217,0.8214285714285714)
(539,0.3203463203463203)
(3029,0.5957767722473605)
(139,0.9722222222222222)
(1865,0.8928571428571429)
(3575,1.0)
(1139,0.6268115942028986)
(1809,0.5910240202275601)
(3357,0.4)
(533,0.5333333333333333)
(1003,0.5303471444568869)
(2425,0.5)
(2697,0.5166666666666667)
(3095,0.42857142857142855)
(1265,0.5741935483870968)
(2053,0.6006102212051869)
(3743,0.7485380116959064)
(1681,0.62)
(897,0.38554778554778557)
(1759,0.8)
(3539,0.26666666666666666)
(165,0.6)
(1959,0.5438375350140056)
(2749,0.5616835994194485)
(1365,0.6492450638792102)
(2717,0.7638015373864431)
(3823,0.2967032967032967)
(3793,0.34098639455782315)
(3857,0.9636363636363636)
(2123,0.7307223333170756)
(2561,0.7961457896941768)
(1919,0.6363636363636364)
(2113,0.7777777777777778)
(1935,0.6759183673469388)
(2245,0.9047619047619048)
(3493,0.7192982456140351)
(633,0.7619047619047619)
(2809,0.49707602339181284)
(1227,0.5206540447504303)
(1573,0.4931052093973442)
(3105,0.48484848484848486)
(1011,0.5745967741935484)
(3039,0.8008658008658008)
(3785,0.5906432748538012)
(2689,0.5707824513794663)
(3855,0.4857142857142857)
(1163,0.656969696969697)
(2111,0.4844381088144452)
(2137,0.6632653061224489)
(3447,0.6)
(435,0.6)
(975,0.7281621243885394)
(1293,0.7012411347517731)
(3445,1.0)
(3511,0.19047619047619047)
(3345,0.4153846153846154)
(3535,0.4444444444444444)
(441,0.9285714285714286)
(699,1.0)
(3873,0.5163584637268848)
(401,1.0)
(2043,0.7869908976147765)
(3885,1.0)
(3321,0.4100596760443308)
(2185,0.6544117647058824)
(1459,0.45680450397980976)
(3013,0.677536231884058)
(1443,0.8333333333333334)
(3571,0.8014705882352942)
(2701,0.8246153846153846)
(2923,0.20833333333333334)
(1691,0.6734463276836158)
(2673,0.6477832512315271)
(1791,0.514856136230182)
(2539,0.8396711202466598)
(2679,0.47007947639083686)
(2481,0.6666666666666666)
(3579,0.9416666666666667)
(2885,1.0)
(1079,0.608156737305078)
(1511,0.5655172413793104)
(2889,0.6374269005847953)
(1569,0.32269503546099293)
(1209,0.6210526315789474)
(1095,0.4166666666666667)
(3921,0.6620689655172414)
(461,0.5914368650217707)
(879,0.7333333333333333)
(2537,0.5948488241881299)
(805,0.37435897435897436)
(3717,1.0)
(3257,0.5598141695702671)
(817,0.5579710144927537)
(151,0.9047619047619048)
(1821,0.7777777777777778)
(767,0.7142857142857143)
(319,0.6785714285714286)
(3931,0.3333333333333333)
(2161,0.6151761517615176)
(1253,1.0)
(3317,1.0)
(2055,0.8359969558599696)
(3053,0.8444444444444444)
(1375,0.6508700481303221)
(1473,0.2578616352201258)
(639,0.5454545454545454)
(913,0.30655391120507397)
(1771,0.7947368421052632)
(2047,0.30636059301769486)
(175,0.4264705882352941)
(497,0.3937702027622686)
(743,1.0)
(1785,0.3425287356321839)
(2295,0.758893280632411)
(1141,0.6928104575163399)
(3927,0.30434782608695654)
(969,0.7540322580645161)
(3719,0.44664031620553357)
(1389,0.7478260869565218)
(1915,0.6)
(1495,0.5291723202170964)
(199,0.47178538390379277)
(2907,0.6895161290322581)
(1549,0.30357142857142855)
(3481,0.9230769230769231)
(2149,0.6122047244094488)
(583,0.8666666666666667)
(1899,0.5420318078545927)
(145,1.0)
(2343,0.7445634534242129)
(709,0.7205882352941176)
(25,0.2885763000852515)
(2449,0.5256038647342995)
(2789,0.43859649122807015)
(3847,0.34615384615384615)
(1153,0.5581274111145866)
(471,0.6709677419354839)
(627,0.9021739130434783)
(833,0.3619047619047619)
(3799,0.46153846153846156)
(2839,0.3992056676685273)
(3077,0.298989898989899)
(3283,0.9)
(993,0.5144724556489262)
(1381,0.8319088319088319)
(3631,0.6666666666666666)
(2167,1.0)
(431,0.5022132796780684)
(3121,0.6666666666666666)
(391,0.5251366120218579)
(1713,0.5)
(1643,0.64)
(1487,0.2805939580133128)
(2447,0.6471088435374149)
(475,0.2750304836742989)
(1715,0.6158653846153846)
(1259,0.4727104532839963)
(3675,0.9120879120879121)
(2533,0.6953205524634096)
(2301,0.6444444444444445)
(2259,0.5737373737373738)
(2575,0.7688956433637285)
(349,0.9)
(549,0.5238095238095238)
(939,0.5808823529411765)
(2883,0.3523809523809524)
(3573,0.47186147186147187)
(445,0.5156695156695157)
(45,0.7272727272727273)
(3797,0.4983388704318937)
(3151,0.3956043956043956)
(2095,0.805025040319158)
(3841,0.6571969696969697)
(1457,0.7371760973030143)
(1953,0.8665866986538718)
(2417,0.525879917184265)
(2557,0.5720430107526882)
(2475,0.6844931271477663)
(853,0.5602536997885835)
(1781,0.38153846153846155)
(2509,0.5461788800359106)
(1815,0.6485507246376812)
(3955,1.0)
(281,0.7416666666666667)
(753,0.6153846153846154)
(2207,0.5064935064935064)
(2329,0.8317597692105954)
(2203,0.6107070707070708)
(1861,0.47557204700061845)
(3035,0.4991260923845193)
(1285,0.7784511784511785)
(3707,0.4782608695652174)
(3415,0.3669950738916256)
(1521,1.0)
(1701,0.7142857142857143)
(3933,0.5800865800865801)
(2795,0.2753623188405797)
(1301,0.5333333333333333)
(2453,0.4725274725274725)
(1841,0.6981292517006803)
(2971,0.6666666666666666)
(1803,0.5433333333333333)
(1201,0.6460980036297641)
(2941,0.5454545454545454)
(3779,0.30409356725146197)
(1191,0.5347789824854045)
(3405,0.5)
(493,0.4915584415584416)
(1517,0.6730158730158731)
(1637,0.49783549783549785)
(1753,0.6446853357422463)
(1663,0.41651209310783777)
(1827,0.4444278606965174)
(3531,0.7222222222222222)
(3887,0.4)
(2199,0.48400656814449916)
(2901,0.37867395762132605)
(893,0.8333333333333334)
(3223,0.39920948616600793)
(1147,0.5)
(2073,0.7672746497488766)
(3371,0.8476190476190476)
(3209,0.6920289855072463)
(3871,0.9642857142857143)
(3315,0.6703296703296703)
(373,0.383893845801876)
(369,0.46153846153846156)
(1527,0.3787878787878788)
(3837,0.8529411764705882)
(3255,0.4112903225806452)
(3547,0.3333333333333333)
(3215,0.2633333333333333)
(3325,0.7719298245614035)
(1501,0.4444444444444444)
(2051,0.7222222222222222)
(1957,0.7314439946018894)
(2027,0.7019027484143763)
(1871,0.4995483288166215)
(2691,1.0)
(2785,0.3488372093023256)
(17,0.7307692307692307)
(659,0.9021739130434783)
(2331,0.7538290169869117)
(861,0.8888888888888888)
(3015,0.3111111111111111)
(3753,0.6733333333333333)
(3577,0.5)
(3319,0.3323076923076923)
(2427,0.6466666666666666)
(3651,0.5766129032258065)
(1989,0.8524458700882117)
(3353,0.3046007403490217)
(2863,0.34820761762509334)
(3893,0.5333333333333333)
(2119,0.49523809523809526)
(367,0.4737903225806452)
(331,0.5263157894736842)
(1889,0.4666666666666667)
(77,0.6)
(775,1.0)
(3683,0.5882352941176471)
(3063,0.8363636363636363)
(1575,0.4368421052631579)
(283,0.6)
(429,0.8444444444444444)
(3985,0.7333333333333333)
(1971,0.7776623376623376)
(2693,0.3202614379084967)
(2035,0.5471264367816092)
(1583,0.485180412371134)
(3693,0.5788177339901478)
(1467,0.535929714135851)
(3725,0.7485380116959064)
(1199,0.4479006656426011)
(851,1.0)
(2163,0.6129032258064516)
(3385,0.2656023222060958)
(3171,0.3216374269005848)
(1425,0.3689839572192513)
(3659,0.5111111111111111)
(1475,0.5140845070422535)
(3981,0.8928571428571429)
(787,0.5172413793103449)
(547,0.5766129032258065)
(4031,0.43636363636363634)
(701,0.5857142857142857)
(363,0.31951754385964914)
(645,0.5960591133004927)
(2857,1.0)
(4033,1.0)
(3259,0.3053763440860215)
(1823,0.6011748531433571)
(1801,0.6600790513833992)
(419,0.36278195488721804)
(1551,0.4875128998968008)
(345,0.65)
(711,0.7105263157894737)
(3341,0.2731182795698925)
(1873,0.8060975609756098)
(3807,1.0)
(885,0.6666666666666666)
(1579,0.9)
(263,0.9523809523809523)
(2845,0.4676923076923077)
(1219,0.6484975541579315)
(1477,0.3888888888888889)
(2143,0.5200931857891672)
(1563,0.5553410553410554)
(3347,0.5224561403508772)
(2879,0.9333333333333333)
(1833,0.5007440066133921)
(3527,0.7075098814229249)
(1025,0.39901477832512317)
(3593,0.36077705827937095)
(771,0.4380952380952381)
(3505,0.49)
(1671,0.3850806451612903)
(2009,0.5787878787878787)
(3891,0.5072463768115942)
(3705,0.3399715504978663)
(1997,0.847208402432283)
(3665,0.8)
(849,0.4482758620689655)
(3043,0.3235294117647059)
(1055,0.7692307692307693)
(2627,0.7207317073170731)
(3145,0.44714407502131287)
(1709,0.36700158646218933)
(2781,0.4027972027972028)
(3555,0.30526315789473685)
(2767,1.0)
(847,0.7008547008547008)
(351,0.8)
(3695,0.9238095238095239)
(1353,0.6666666666666666)
(589,0.6333333333333333)
(3411,0.3569539925965098)
(469,0.5324675324675324)
(2827,0.6018018018018018)
(507,0.49615384615384617)
(3429,0.9)
(2271,0.7880198634388579)
(3911,1.0)
(181,0.8666666666666667)
(571,1.0)
(3543,0.4222222222222222)
(1693,0.6666666666666666)
(3243,0.7207977207977208)
(3821,0.2953846153846154)
(3413,1.0)
(1585,0.45263157894736844)
(2025,0.7862068965517242)
(2763,0.463389656938044)
(3249,0.38461538461538464)
(3585,0.6071428571428571)
(1037,0.493993993993994)
(3441,0.5333333333333333)
(3767,0.35555555555555557)
(3923,0.8095238095238095)
(3889,0.9142857142857143)
(2197,0.5108225108225108)
(907,0.4230769230769231)
(1379,0.7803921568627451)
(2383,0.6195652173913043)
(193,0.7)
(2733,0.6666666666666666)
(513,0.42211440245148113)
(937,0.8571428571428571)
(707,0.6222222222222222)
(2633,0.7341463414634146)
(1171,0.18478260869565216)
(2871,0.32752613240418116)
(2433,0.8347777467151244)
(2441,1.0)
(3305,0.7)
(2881,0.29797979797979796)
(3019,0.27867494824016564)
(3185,0.4151898734177215)
(449,0.5777777777777777)
(279,1.0)
(2411,0.3810483870967742)
(2109,0.8515201768933113)
(2835,0.572938689217759)
(3263,0.17604355716878403)
(2703,0.8562091503267973)
(3991,0.6666666666666666)
(1007,0.48333333333333334)
(3011,0.3333333333333333)
(773,0.580952380952381)
(1727,0.3125)
(3057,0.35294117647058826)
(3021,0.7493877551020408)
(2041,0.42857142857142855)
(1203,0.7142857142857143)
(643,0.8804347826086957)
(1729,0.4680379746835443)
(2731,0.6527093596059114)
(3975,0.9619047619047619)
(53,0.3827956989247312)
(3501,0.5289795918367347)
(2257,0.7831587767071638)
(3521,0.25045372050816694)
(3553,0.4412878787878788)
(1789,0.5872834570721492)
(943,0.42424242424242425)
(3401,1.0)
(2429,0.639124487004104)
(2859,0.39473684210526316)
(763,0.6043956043956044)
(3819,0.8589743589743589)
(69,0.6444444444444445)
(1081,0.7494252873563219)
(3775,0.3333333333333333)
(2265,0.6727272727272727)
(91,0.6785714285714286)
(2551,0.7666693541885028)
(1233,1.0)
(1653,0.6878933728248797)
(2637,0.5714285714285714)
(119,0.28714965626652567)
(2707,0.3619047619047619)
(3463,0.6413043478260869)
(3629,0.4924924924924925)
(511,0.7494252873563219)
(3989,0.4666666666666667)
(1023,0.4166666666666667)
(477,0.696969696969697)
(2001,0.632768361581921)
(1867,0.5413834466213514)
(1737,0.694579681921454)
(3099,0.7111111111111111)
(3563,0.5882352941176471)
(1089,0.7472527472527473)
(1121,0.6521739130434783)
(757,0.5)
(3639,0.9848484848484849)
(653,0.5582010582010583)
(925,0.46771517206550756)
(2757,0.5480458419042021)
(3087,0.3027450980392157)
(1291,0.6123577749683944)
(2057,0.6782810685249709)
(3173,0.21568627450980393)
(3557,0.7010752688172043)
(2479,0.8830917874396135)
(2777,0.5633264766382604)
(2727,0.4230769230769231)
(273,1.0)
(2609,0.9379251700680272)
(523,0.5869324473975637)
(3327,0.2016326530612245)
(3079,0.5384615384615384)
(3261,0.4912648497554158)
(3187,0.45454545454545453)
(999,0.6729323308270677)
(1607,0.6)
(2519,0.7647058823529411)
(2241,0.6621563879789204)
(3645,0.39215686274509803)
(921,0.5764600179694519)
(839,0.5714285714285714)
(1183,0.48128342245989303)
(1811,0.6523297491039427)
(3329,0.30994152046783624)
(1063,0.8138528138528138)
(899,1.0)
(1091,0.6736842105263158)
(1267,0.623109243697479)
(1387,0.5)
(3881,0.3790849673202614)
(3599,0.5833333333333334)
(1619,0.5882626921285514)
(3925,0.9)
(3801,0.6666666666666666)
(895,0.8)
(2505,1.0)
(2311,0.7788235294117647)
(1863,0.3758503401360544)
(2945,0.5443745632424878)
(1367,0.5036874771814531)
(295,0.5333333333333333)
(2179,0.8522077327842599)
(1877,0.6691468253968254)
(361,0.6324110671936759)
(3135,0.6033613445378151)
(1303,0.5948581560283688)
(2115,0.8441176470588235)
(2181,0.40441176470588236)
(881,0.7619047619047619)
(4029,1.0)
(609,0.5011494252873563)
(3275,0.2044334975369458)
(3181,0.9642857142857143)
(297,0.72)
(723,0.7272727272727273)
(3859,0.4)
(641,0.31002331002331)
(529,0.8611111111111112)
(1547,0.6176669827936594)
(1685,0.5455820476858345)
(1625,0.7466666666666667)
(1239,0.6944444444444444)
(1591,0.38029115341545355)
(235,0.8)
(1415,0.5632183908045977)
(909,0.6363636363636364)
(1449,0.5710362047440699)
(1471,0.4845731191885038)
(2303,0.6280788177339901)
(3479,0.9238095238095239)
(2145,0.39424141749723146)
(3625,0.5285285285285285)
(3509,0.696969696969697)
(247,0.6666666666666666)
(2979,0.24183006535947713)
(3673,0.5)
(1535,0.6031746031746031)
(2877,0.4772218073188947)
(1441,0.6166666666666667)
(2531,0.5059288537549407)
(2209,0.6492063492063492)
(3359,0.5751633986928104)
(3967,0.7166666666666667)
(1669,0.5520609703735508)
(1061,0.8222222222222222)
(2377,0.6250285975749257)
(1045,0.5909090909090909)
(3291,0.3396952001139439)
(2751,0.32100840336134456)
(2989,0.5021173623714459)
(681,0.8814229249011858)
(697,0.4193061840120664)
(945,1.0)
(3715,0.9230769230769231)
(3277,0.5879275653923541)
(2131,0.7404501871506948)
(3727,0.6)
(1639,0.5061605061605061)
(2385,0.62468671679198)
(1893,0.46076990890390834)
(1695,0.6873563218390805)
(2793,0.4444444444444444)
(2981,0.541501976284585)
(1875,0.5079365079365079)
(3597,1.0)
(3657,0.8461538461538461)
(3907,0.6984615384615385)
(565,0.6578947368421053)
(2037,0.6965317919075145)
(3149,0.593006993006993)
(3369,0.3864894795127353)
(2895,0.5277777777777778)
(3037,1.0)
(2083,0.8213586804584848)
(3269,0.5555555555555556)
(3945,0.4117647058823529)
(3523,0.9230769230769231)
(1969,1.0)
(1773,0.7549407114624506)
(2593,0.7890129259694477)
(137,0.5333333333333333)
(229,0.5333333333333333)
(953,0.5424736663268773)
(783,0.6405228758169934)
(3899,1.0)
(3297,0.6825396825396826)
(231,0.4523809523809524)
(1507,0.527027027027027)
(3119,0.4812446717817562)
(3439,0.75)
(2651,0.6190476190476191)
(2611,0.6688710660850804)
(2825,0.3)
(2407,0.866956077630235)
(149,0.7802197802197802)
(3473,0.8088235294117647)
(655,0.8)
(3125,1.0)
(3551,0.5555555555555556)
(1629,0.7878787878787878)
(1087,0.5714285714285714)
(997,0.5695175438596491)
(2085,0.4298850574712644)
(1679,0.5612535612535613)
(2559,0.8184035476718403)
(3163,0.5928853754940712)
(3697,0.6142857142857143)
(109,0.53003003003003)
(1397,0.625)
(167,0.9047619047619048)
(3965,1.0)
(3735,0.9)
(3241,0.7426900584795322)
(3425,0.7111111111111111)
(3765,1.0)
(2391,0.6173708920187794)
(3127,0.9333333333333333)
(2255,0.7555555555555555)
(903,0.7825311942959001)
(1983,0.7041266940764428)
(1051,0.45507246376811594)
(3081,0.2833333333333333)
(2925,0.5410580980201234)
(1411,0.6666666666666666)
(2309,0.731130399472108)
(1489,0.7835497835497836)
(1539,0.6277182732878935)
(2939,0.6436487638533674)
(227,0.5428571428571428)
(1351,0.7476255088195387)
(223,0.7207977207977208)
(3471,0.5533333333333333)
(669,0.7379679144385026)
(2423,0.80169992609017)
(2347,0.3996445076430857)
(1649,0.5932773109243697)
(101,0.8304093567251462)
(3637,0.7)
(153,1.0)
(807,0.7210526315789474)
(3833,0.5826612903225806)
(3917,0.8285714285714286)
(3427,0.8611111111111112)
(2097,0.7766714082503556)
(289,0.8333333333333334)
(383,0.6666666666666666)
(2489,0.8537556247836622)
(3567,0.9010989010989011)
(459,0.8222222222222222)
(1787,0.635846372688478)
(1327,0.3333333333333333)
(3377,0.5720430107526882)
(2927,0.4947443860487339)
(3961,0.7142857142857143)
(3093,0.5083333333333333)
(3239,0.6932839767318879)
(1299,0.6236559139784946)
(495,0.6126482213438735)
(1627,1.0)
(341,0.7727272727272727)
(1543,0.5246212121212122)
(2919,0.5652173913043478)
(2065,0.6123076923076923)
(2977,0.7064393939393939)
(4027,0.5238095238095238)
(1323,0.6151742993848257)
(3507,0.4722222222222222)
(2861,0.6727272727272727)
(41,0.4673913043478261)
(409,0.6345811051693404)
(3739,0.8380952380952381)
(2687,0.7619047619047619)
(2887,0.5525641025641026)
(2359,0.8568632932625104)
(971,0.6292335115864528)
(261,0.4751066856330014)
(1485,0.5661424606845513)
(2455,0.525)
(1491,0.6193548387096774)
(1395,1.0)
(213,0.30364372469635625)
(2521,0.8252279635258358)
(1965,0.4631578947368421)
(2201,0.7788359788359789)
(1613,0.4801165685143586)
(2283,0.5120341614906833)
(877,1.0)
(3647,0.8928571428571429)
(3829,0.3633633633633634)
(2365,0.6316498316498317)
(1251,0.8181818181818182)
(3667,0.5533596837944664)
(425,0.5614035087719298)
(1333,0.8428030303030303)
(1975,0.37142857142857144)
(1991,0.6921768707482994)
(3773,0.8241758241758241)
(1039,0.6780626780626781)
(1263,0.4666666666666667)
(2525,0.6201680672268908)
(1571,0.5101694915254237)
(1223,0.341991341991342)
(325,0.601889338731444)
(2743,0.4949019607843137)
(407,0.5333333333333333)
(927,0.5816216216216217)
(1751,0.7314285714285714)
(2237,0.8456595856281144)
(4013,0.8)
(1021,0.5923497267759563)
(765,0.7362637362637363)
(1455,1.0)
(3397,0.3673531655225019)
(179,0.6666666666666666)
(2483,1.0)
(2619,0.7964985784827173)
(3681,0.7777777777777778)
(983,0.6991010047593865)
(3361,0.42857142857142855)
(133,0.5882352941176471)
(2233,0.6306713953772777)
(949,0.6758893280632411)
(1955,0.6858576206402294)
(3459,0.3904761904761905)
(1917,0.7593984962406015)
(951,0.37894736842105264)
(3235,0.75)
(1041,0.4654255319148936)
(2635,0.6631578947368421)
(3909,0.48917748917748916)
(1783,0.2716253443526171)
(1655,0.6279220779220779)
(1703,0.33581780538302275)
(3995,0.4722222222222222)
(1423,0.5841530054644809)
(1887,0.8181818181818182)
(687,0.5370370370370371)
(485,1.0)
(3265,0.7375886524822695)
(2253,0.8075289890576515)
(2831,0.5098039215686274)
(2933,0.6593406593406593)
(3419,0.5826932923707118)
(3233,0.31131592421915005)
(3677,0.4)
(1105,0.8333333333333334)
(1805,0.4155844155844156)
(1249,0.8)
(2465,0.8576271186440678)
(2289,0.44355345911949684)
(1985,0.587363869314542)
(3107,0.1984313725490196)
(537,0.6576923076923077)
(233,1.0)
(2681,0.5606060606060606)
(3355,0.6009783368273934)
(3951,0.5697478991596638)
(1761,0.5132231404958678)
(3333,0.7619047619047619)
(2191,0.7567920585161965)
(4019,0.75)
(3787,0.8)
(3605,0.5546558704453441)
(315,0.31623376623376626)
(451,0.7033333333333334)
(1831,0.26248548199767713)
(3455,0.4850640113798009)
(3751,0.8666666666666667)
(147,0.9333333333333333)
(3589,1.0)
(3621,0.4727272727272727)
(2573,0.8367898222377135)
(3875,1.0)
(1907,0.7195402298850575)
(1445,0.5277777777777778)
(1925,0.8230967741935484)
(1661,0.4708860759493671)
(1721,0.6216628527841342)
(3229,0.6593406593406593)
(2405,0.4052631578947368)
(2869,0.484472049689441)
(3791,0.5761904761904761)
(195,1.0)
(443,1.0)
(3383,0.4338235294117647)
(2949,0.45789473684210524)
(1255,0.5507474429583006)
(2305,0.7916666666666666)
(3423,0.9166666666666666)
(21,0.3490384615384615)
(321,1.0)
(577,0.9523809523809523)
(715,0.9333333333333333)
(3661,0.6666666666666666)
(967,0.4873919943572562)
(403,0.6684210526315789)
(3303,0.4)
(2323,0.7703116555575572)
(3467,1.0)
(1973,0.5379807692307692)
(815,0.5425101214574899)
(2397,0.346218487394958)
(799,0.45454545454545453)
(2081,0.49224806201550386)
(637,0.19115179252479023)
(3869,0.4274193548387097)
(489,0.6956521739130435)
(2517,1.0)
(3391,0.7024673439767779)
(1165,0.24615384615384617)
(1029,0.42810775722168126)
(1677,0.5984126984126984)
(599,0.9051383399209486)
(2605,0.5588235294117647)
(2747,0.5769230769230769)
(855,1.0)
(1851,0.4692218350754936)
(929,0.9)
(2929,0.6072695035460993)
(3831,0.46)
(2159,0.6861702127659575)
(4007,1.0)
(1731,0.8571428571428571)
(1099,0.7155844155844155)
(3195,0.6044600938967136)
(2487,0.75)
(1689,0.5645161290322581)
(2709,0.4090909090909091)
(1961,0.5714285714285714)
(1505,0.12039742840444184)
(387,0.680952380952381)
(2963,0.6666666666666666)
(2987,0.603988603988604)
(1125,0.6220159151193634)
(1635,0.7201426024955436)
(2587,0.5380116959064327)
(375,0.9264705882352942)
(3177,0.3621951219512195)
(3495,0.38896103896103895)
(1049,0.5594700391448358)
(835,0.6368421052631579)
(1383,1.0)
(1399,0.5084110962991176)
(127,0.7333333333333333)
(3537,0.6666666666666666)
(275,0.8666666666666667)
(3123,0.5946969696969697)
(1597,0.6037644787644788)
(1945,0.5971658006613132)
(2897,0.6345213137665968)
(2263,0.8095238095238095)
(827,0.4777777777777778)
(919,0.8645320197044335)
(1825,0.5443349753694581)
(3747,0.5584415584415584)
(251,0.7802197802197802)
(1509,0.5201409277745156)
(2413,0.7941176470588235)
(9,0.39724310776942356)
(3251,0.7777777777777778)
(2011,0.7128205128205128)
(2865,0.3522267206477733)
(3253,0.3003921568627451)
(651,0.323820395738204)
(3623,0.6783625730994152)
(3461,0.6785714285714286)
(1359,0.5476190476190477)
(1229,0.61054579093432)
(467,1.0)
(3805,0.5)
(397,0.3191489361702128)
(3679,0.44871794871794873)
(1107,0.5358662613981763)
(1949,0.5714285714285714)
(631,0.7454545454545455)
(3969,0.6466666666666666)
(863,0.8909090909090909)
(1843,0.5153846153846153)
(2101,0.6366197183098592)
(3845,0.6842105263157895)
(2649,0.6377184663324753)
(1699,0.413472706155633)
(501,0.9285714285714286)
(1437,0.5025974025974026)
(869,0.9047619047619048)
(3049,0.5894736842105263)
(3761,0.7142857142857143)
(3641,0.8444444444444444)
(3999,0.6666666666666666)
(2147,0.5353658536585366)
(2141,0.8369565217391305)
(2459,0.5217391304347826)
(499,1.0)
(3825,0.28774928774928776)
(2193,0.4175824175824176)
(1531,0.22943722943722944)
(3491,0.5849802371541502)
(3863,0.7090909090909091)
(267,1.0)
(327,1.0)
(3379,0.5433333333333333)
(3017,0.3370600414078675)
(3201,0.5212613473483039)
(1337,0.24126984126984127)
(2529,0.5444444444444444)
(415,0.5292307692307693)
(683,0.7007575757575758)
(1673,0.5525641025641026)
(3417,0.48621041879468846)
(1891,0.6519114688128773)
(1849,0.613160518444666)
(2091,0.44919786096256686)
(2071,0.6544049047047847)
(103,0.55)
(1149,0.5901766647252961)
(3749,0.9333333333333333)
(1065,1.0)
(905,0.4411764705882353)
(2069,0.7510692899914457)
(1605,0.6102372034956305)
(2067,0.5435606060606061)
(3211,0.20666666666666667)
(343,0.6339869281045751)
(1245,0.7551282051282051)
(2713,0.4860215053763441)
(1235,0.44507141597601835)
(33,1.0)
(2495,0.8005747126436782)
(23,0.16911764705882354)
(1853,0.8484848484848485)
(1221,0.372635814889336)
(1979,0.7577922077922078)
(1659,0.64257753688648)
(2213,0.8431372549019608)
(3025,0.4703004891684137)
(3131,0.9642857142857143)
(3,0.6323529411764706)
(3285,0.6068376068376068)
(3515,0.4727272727272727)
(3287,0.40425531914893614)
(1537,0.26900584795321636)
(3189,0.5672514619883041)
(1743,0.4369230769230769)
(271,0.386986301369863)
(2019,0.6842105263157895)
(2107,0.2702702702702703)
(1287,0.7249417249417249)
(557,0.49099099099099097)
(2959,0.875)
(1321,0.47333333333333333)
(1347,0.5435024065161052)
(2291,0.6397058823529411)
(121,0.4696969696969697)
(1167,0.6031746031746031)
(1177,0.4380952380952381)
(2031,0.45863570391872277)
(1697,0.5714285714285714)
(1967,1.0)
(923,0.5357142857142857)
(2363,0.8222350479763365)
(3365,0.27053140096618356)
(2461,0.6367689483346446)
(51,0.8571428571428571)
(973,0.38562091503267976)
(3199,0.5411255411255411)
(3867,0.7261538461538461)
(567,0.4254992319508449)
(2463,0.6642539682539682)
(2393,0.5705645161290323)
(285,0.43293246993524515)
(843,0.717948717948718)
(3217,0.6)
(421,0.4666666666666667)
(1733,0.7368421052631579)
(569,0.6761904761904762)
(1185,0.5531017369727047)
(629,0.38181818181818183)
(1009,0.5513784461152882)
(689,0.8571428571428571)
(2467,0.8441264162194395)
(2975,0.6666666666666666)
(1435,0.32142857142857145)
(1735,0.6211348963642541)
(1077,0.3333333333333333)
(555,0.4822190611664296)
(1463,0.7333333333333333)
(3595,0.8901098901098901)
(663,0.7222222222222222)
(2409,0.7775026978988129)
(1257,0.6787878787878788)
(2737,0.4095238095238095)
(2127,0.6309523809523809)
(3617,0.2784090909090909)
(965,0.7416666666666667)
(1151,0.3333333333333333)
(829,0.5098039215686274)
(3281,0.8939393939393939)
(27,0.9)
(2435,0.7749287749287749)
(2855,1.0)
(3373,0.3161764705882353)
(3033,0.5433646812957158)
(3993,0.8)
(4023,0.3790849673202614)
(3733,1.0)
(3755,0.8214285714285714)
(249,0.6268115942028986)
(257,0.5032679738562091)
(1777,0.9)
(3375,0.6666666666666666)
(1047,0.6028846153846154)
(751,0.7424242424242424)
(1561,0.31333333333333335)
(733,0.5357142857142857)
(2579,0.8835082458770614)
(39,0.49523809523809526)
(3331,0.2)
(1503,0.6296296296296297)
(769,0.6)
(2327,0.5308387096774193)
(71,1.0)
(2033,0.780682887484877)
(1905,0.9454545454545454)
(3113,0.4666374012291484)
(729,0.7307692307692307)
(1127,0.44285714285714284)
(311,0.5238095238095238)
(933,0.6233333333333333)
(1923,0.437012987012987)
(957,0.6225961538461539)
(1723,0.6471088435374149)
(1793,0.5279693486590038)
(3437,0.032230414314509376)
(1027,1.0)
(2791,0.2878787878787879)
(211,0.6)
(3055,0.9333333333333333)
(3475,0.4899193548387097)
(3311,0.9636363636363636)
(1609,0.5518394648829431)
(2851,0.4935064935064935)
(3205,0.21904761904761905)
(509,0.8571428571428571)
(2665,0.2710204081632653)
(721,0.8)
(2943,0.5073772959951822)
(1307,0.567741935483871)
(1015,0.7444444444444445)
(3009,0.3391812865497076)
(59,0.7777777777777778)
(985,0.7619047619047619)
(2299,0.8196062002513615)
(411,0.6666666666666666)
(3129,0.4907563025210084)
(1315,0.7272727272727273)
(2315,0.7941400304414004)
(3979,0.5151515151515151)
(677,0.6536796536796536)
(3559,0.4472934472934473)
(1611,0.5860719874804382)
(3477,0.6)
(2937,0.5135688684075781)
(809,0.7320261437908496)
(1541,0.5776515151515151)
(2631,0.8187406296851574)
(31,0.43478260869565216)
(841,1.0)
(3273,0.5169230769230769)
(3619,0.6666666666666666)
(661,0.8804347826086957)
(1533,0.7478991596638656)
(1937,0.6666666666666666)
(647,0.8128654970760234)
(29,0.46153846153846156)
(2375,1.0)
(2759,0.26406926406926406)
(2485,0.8311507084585659)
(1033,0.6985294117647058)
(591,0.6347826086956522)
(161,0.5466666666666666)
(1817,0.6)
(2523,0.45588235294117646)
(1879,0.5690380313199105)
(1943,0.7536540139616056)
(1101,0.5656404105024657)
(963,0.7954545454545454)
(2503,0.8833333333333333)
(3167,0.6029411764705882)
(2899,0.9333333333333333)
(313,0.5015015015015015)
(3097,0.22439024390243903)
(2499,0.6870032725572698)
(3147,1.0)
(3687,0.7102272727272727)
(2473,0.5306122448979592)
(2169,0.6591913013931363)
(1129,0.6672316384180791)
(519,0.6566666666666666)
(3381,0.6995108315863033)
(337,0.8055555555555556)
(1909,0.2780487804878049)
(2811,0.47619047619047616)
(1529,0.281068524970964)
(3309,0.8169934640522876)
(3977,0.7333333333333333)
(2585,0.7397435897435898)
(2319,0.620647608725105)
(779,0.6666666666666666)
(3663,0.8021978021978022)
(1345,0.5042955326460481)
(3103,0.5578947368421052)
(3221,0.31076923076923074)
(371,0.7)
(3803,0.37142857142857144)
(3609,0.7094017094017094)
(479,0.6066066066066066)
(1837,0.7297297297297297)
(1269,0.558984126984127)
(2773,0.5344611528822055)
(3897,1.0)
(2667,0.3157894736842105)
(575,0.8636363636363636)
(3635,0.6381766381766382)
(2761,0.582010582010582)
(457,0.6842105263157895)
(615,0.8659420289855072)
(3929,0.5619047619047619)
(1057,0.5)
(1767,0.5317460317460317)
(3943,0.7533333333333333)
(1857,0.5909436834094368)
(2577,0.531578947368421)
(2229,0.6912433750762159)
(3731,0.5128205128205128)
(2445,0.7420289855072464)
(2705,0.6837606837606838)
(1371,0.581081081081081)
(353,0.31721995728984664)
(65,0.5)
(865,1.0)
(35,1.0)
(2129,0.3783783783783784)
(3225,0.5158730158730159)
(2873,0.5026636225266362)
(1349,0.5423925667828107)
(941,0.4116002795248078)
(1341,0.5716380114620818)
(2215,0.6388384754990926)
(2655,0.8250641573994867)
(2171,0.6074592074592075)
(1999,0.696969696969697)
(1197,0.4095238095238095)
(339,0.25925925925925924)
(3407,1.0)
(1281,0.6743902439024391)
(3279,0.2)
(3817,0.5454545454545454)
(1705,0.6609686609686609)
(2217,0.5512820512820513)
(1461,0.6428571428571429)
(673,1.0)
(253,0.6666666666666666)
(1173,0.44912280701754387)
(1897,0.3492063492063492)
(2813,0.19943019943019943)
(169,0.4395448079658606)
(2477,0.8574589127686473)
(1497,0.4088669950738916)
(1747,0.8051948051948052)
(1587,0.6923076923076923)
(3745,0.6)
(545,0.527536231884058)
(2947,0.7352941176470589)
(2663,0.5076923076923077)
(1189,0.4267425320056899)
(1577,0.48771319178559)
(3115,0.5109289617486339)
(1019,0.6660617059891107)
(825,0.6)
(1617,0.5389036251105217)
(4009,0.7777777777777778)
(2379,0.5349206349206349)
(3143,0.8333333333333334)
(1499,0.6666666666666666)
(1479,0.551061388410786)
(1819,0.6013584117032393)
(871,0.6666666666666666)
(3813,1.0)
(87,0.6410256410256411)
(5,0.3333333333333333)
(13,0.6516129032258065)
(455,0.3153153153153153)
(1215,0.5459579180509413)
(2243,0.7019286966686148)
(2139,0.8049260458325398)
(3883,0.9238095238095239)
(3649,0.9238095238095239)
(4017,0.6111111111111112)
(691,0.5333333333333333)
(2779,0.783625730994152)
(2153,0.6275675112084246)
(3335,0.4230769230769231)
(2105,0.5454545454545454)
(3913,0.8169934640522876)
(2349,0.7843137254901961)
(2765,0.7955596669750231)
(75,0.7582417582417582)
(2553,0.7945960478558947)
(901,0.8235294117647058)
(3179,0.4363476733977173)
(1465,0.553478712357217)
(2373,0.4090909090909091)
(1335,0.6114665354330708)
(1331,0.5109116674539442)
(2501,0.4792982456140351)
(2007,0.41630546955624353)
(3027,0.2522144522144522)
(2277,0.375)
(61,0.6666666666666666)
(747,0.34523809523809523)
(3947,0.4375)
(2621,0.9333333333333333)
(97,0.6666666666666666)
(1513,0.44720965309200605)
(1595,0.6558704453441295)
(3689,1.0)
(3627,0.7309941520467836)
(3193,0.4586894586894587)
(803,0.3368421052631579)
(2903,0.6071428571428571)
(3003,1.0)
(3483,0.38461538461538464)
(2165,0.8271407480314961)
(3633,0.40240384615384617)
(777,0.5490196078431373)
(1143,0.4065934065934066)
(2317,0.41904761904761906)
(2771,0.6483516483516484)
(3671,0.3888888888888889)
(979,0.9111111111111111)
(1137,0.8349753694581281)
(1757,0.5554903112155021)
(3393,0.29239766081871343)
(3691,1.0)
(1711,0.7)
(365,0.7333333333333333)
(1859,0.7256038647342995)
(3395,0.3200568990042674)
(1921,0.5961538461538461)
(2313,0.15630252100840336)
(2227,0.5714285714285714)
(795,0.5424836601307189)
(1645,0.5084415584415585)
(307,0.6666666666666666)
(2643,0.7276767676767677)
(2389,0.42592592592592593)
(2677,0.2571428571428571)
(1355,0.6276276276276276)
(2957,0.4065934065934066)
(3433,0.5557692307692308)
(1523,0.4416027280477408)
(3389,0.8571428571428571)
(3465,0.9416666666666667)
(303,0.580952380952381)
(1329,0.4950980392156863)
(1073,0.35555555555555557)
(201,1.0)
(703,0.4141749723145072)
(623,0.7352941176470589)
(2715,0.3024193548387097)
(3023,0.5983193277310924)
(1807,0.37333333333333335)
(535,0.6818181818181818)
(1739,0.5714285714285714)
(2371,0.47619047619047616)
(605,0.7647058823529411)
(2049,0.4144144144144144)
(2231,0.41904761904761906)
(1995,0.593958013312852)
(2261,0.8433866279069767)
(3409,0.3)
(3795,0.7)
(2931,0.4448476052249637)
(1601,0.8467741935483871)
(2471,0.6377515614156836)
(1097,0.7714285714285715)
(781,0.4411764705882353)
(1885,0.5185185185185185)
(719,0.3998015873015873)
(2973,0.523972602739726)
(2219,1.0)
(2659,0.4010889292196007)
(255,1.0)
(2853,0.6599682707562137)
(3839,0.7)
(1409,0.465947888589398)
(1261,0.5517998244073749)
(3937,0.5274725274725275)
(621,0.8571428571428571)
(3721,0.5678160919540229)
(3583,0.3111111111111111)
(515,0.4628415300546448)
(731,0.803076923076923)
(3701,0.7904761904761904)
(2607,0.7462860163891092)
(1069,0.8)
(2337,0.7546218487394958)
(3581,0.9696969696969697)
(2617,0.6092221704704238)
(1553,0.33933933933933935)
(2843,0.5886699507389163)
(2061,0.6843971631205674)
(3111,0.36048265460030166)
(2685,0.5454545454545454)
(381,0.9393939393939394)
(3421,0.4631578947368421)
(1217,0.3561517113783534)
(81,0.6666666666666666)
(3591,0.7894736842105263)
(1241,0.5526315789473685)
(1311,0.5507246376811594)
(2339,0.744399247161678)
(2805,0.4642857142857143)
(2597,0.6424908424908425)
(3771,0.42857142857142855)
(3231,0.455026455026455)
(649,0.4)
(427,0.5277777777777778)
(2089,0.6640316205533597)
(2911,0.6462063086104007)
(1615,0.6304347826086957)
(1059,0.5186252771618626)
(1829,0.6083333333333333)
(3289,0.30994152046783624)
(505,0.8974358974358975)
(581,1.0)
(3741,0.6928104575163399)
(1195,0.66921768707483)
(1427,0.3361305361305361)
(2421,0.42857142857142855)
(3001,0.3563025210084034)
(1901,0.3516483516483517)
(1317,0.29523809523809524)
(2403,0.6544117647058824)
(915,0.37815126050420167)
(1159,0.3819672131147541)
(187,0.8583333333333333)
(2675,0.41963015647226176)
(553,0.357703081232493)
(1433,0.6877470355731226)
(1903,0.7153846153846154)
(2333,0.48907232704402515)
(3953,0.8333333333333334)
(243,0.6428571428571429)
(2155,0.4926829268292683)
(329,0.22528735632183908)
(3367,0.9090909090909091)
(73,0.5333333333333333)
(665,0.9215686274509803)
(2015,0.6)
(3343,0.25274725274725274)
(237,0.8571428571428571)
(2735,0.23391812865497075)
(2915,0.41684981684981687)
(1453,0.3888888888888889)
(143,0.6060606060606061)
(595,0.9883040935672515)
(579,0.4507422402159244)
(2599,0.8571428571428571)
(3245,0.4945054945054945)
(2563,0.8492076730608841)
(389,0.2845744680851064)
(3861,0.2)
(819,0.5165165165165165)
(3603,0.6666666666666666)
(3443,0.49783549783549785)
(439,0.5227021040974529)
(2991,0.6775956284153005)
(2953,0.6452762923351159)
(1237,0.3751412429378531)
(3827,0.7857142857142857)
(265,0.6410256410256411)
(2545,0.6388888888888888)
(437,0.37777777777777777)
(2565,0.8333333333333334)
(2905,0.5664568678267309)
(2753,0.555052790346908)
(2173,0.3931034482758621)
(1515,0.4880647911338448)
(3669,1.0)
(111,0.5604395604395604)
(527,0.6531400966183575)
(2623,0.8197972570065594)
(3777,0.6)
(3587,0.8382352941176471)
(89,0.6785714285714286)
(1855,0.5333333333333333)
(2729,0.46953405017921146)
(3267,0.5395148669796557)
(241,1.0)
(597,0.7489177489177489)
(3101,0.3838233301720634)
(481,0.5242165242165242)
(1951,0.6279761904761905)
(2491,0.6141873278236915)
(2583,0.6898550724637681)
(99,0.6410256410256411)
(2699,0.9358974358974359)
(277,0.3466346153846154)
(1447,0.496753571071821)
(2807,0.4025974025974026)
(1797,0.6)
(737,0.7083333333333334)
(333,0.7857142857142857)
(1775,0.9642857142857143)
(3301,0.5692307692307692)
(2993,0.5512987012987013)
(845,0.5612648221343873)
(1931,0.6842105263157895)
(2221,0.7085365853658536)
(2755,0.559244126659857)
(3387,0.48646907216494845)
(561,0.4787037037037037)
(3157,0.24761904761904763)
(2847,0.2878787878787879)
(705,0.3269394714407502)
(797,0.5046153846153846)
(1559,0.48497529787852367)
(2093,0.7864663585002568)
(135,1.0)
(1927,0.663973063973064)
(2401,0.5190476190476191)
(1745,0.4678362573099415)
(2999,0.28045977011494255)
(2723,0.45454545454545453)
(785,1.0)
(3399,0.6471471471471472)
(2275,0.7849588719153937)
(3613,0.9238095238095239)
(239,0.418468731735827)
(3643,0.5797101449275363)
(4011,0.8333333333333334)
(189,0.9523809523809523)
(1707,0.49412455934195065)
(867,0.8214285714285714)
(2725,0.35714285714285715)
(3175,0.9333333333333333)
(2935,0.7121212121212122)
(2741,0.4692982456140351)
(3219,0.3792172739541161)
(1111,0.9722222222222222)
(1939,0.638104511522233)
(3759,0.7076023391812866)
(2307,0.8533941236068896)
(531,0.39487179487179486)
(1071,1.0)
(3865,0.8333333333333334)
(1683,0.533519925363188)
(3089,0.40271493212669685)
(563,0.18485958485958487)
(1343,0.32882882882882886)
(2803,0.2510822510822511)
(385,0.8928571428571429)
(1913,0.7192982456140351)
(2345,0.41704374057315236)
(3363,0.4119788608338227)
(2645,0.6464011180992313)
(3403,0.30165912518853694)
(2995,0.3619047619047619)
(1493,0.9261538461538461)
(2567,0.6353823088455772)
(3561,0.31868131868131866)
(1385,0.38095238095238093)
(301,0.6666666666666666)
(2039,0.6854890604890604)
(2099,0.4666666666666667)
(3091,1.0)
(1131,0.4959677419354839)
(1657,1.0)
(3895,0.38461538461538464)
(2045,0.7886363636363637)
(2711,0.34623655913978496)
(3601,0.4714285714285714)
(995,0.43776223776223777)
(1115,0.7714285714285715)
(1043,0.6363636363636364)
(3769,0.6923076923076923)
(3065,0.6734397677793904)
(2745,0.4375)
(3815,0.9142857142857143)
(2357,0.28205128205128205)
(2273,0.7032967032967034)
(749,1.0)
(357,0.7712418300653595)
(433,0.7777777777777778)
(2287,0.8520632133450395)
(1835,0.4595956529658187)
(19,0.2833333333333333)
(1277,0.3952268554943614)
(2647,0.6976950354609929)
(2189,0.4683944374209861)
(1305,0.49869305451829726)
(1525,0.41102756892230574)
(1421,0.6014492753623188)
(1211,0.5084016668907111)
(3781,0.8333333333333334)
(3085,0.5874811463046757)
(473,0.5181451612903226)
(1741,0.5351008215085885)
(1339,0.6129292929292929)
(3843,0.5357142857142857)
(4001,1.0)
(2013,0.8055555555555556)
(2549,0.8392080745341615)
(2381,0.7972727272727272)
(185,0.5384615384615384)
(2437,0.8)
(2695,0.8181818181818182)
(3047,0.7395918367346939)
(3271,0.7)
(63,1.0)
(203,0.42857142857142855)
(309,1.0)
(859,1.0)
(2913,0.5693693693693693)
(2921,0.2602564102564103)
(2443,0.31225296442687744)
(2823,0.6372688477951636)
(1881,0.28664731494920176)
(2063,0.8092198581560284)
(3005,0.27464008859357697)
(2595,1.0)
(2419,0.5341488277268094)
(3723,0.6785714285714286)
(1839,0.5086474501108648)
(2969,0.5380281690140845)
(1631,0.9722222222222222)
(3565,1.0)
(3711,0.5591133004926109)
(113,0.5371794871794872)
(1779,0.42857142857142855)
(2225,0.6933797909407665)
(3905,0.6428571428571429)
(2601,0.7660818713450293)
(1439,0.9428571428571428)
(525,0.5098039215686274)
(3939,1.0)
(2955,0.36469344608879495)
(413,0.6764705882352942)
(2029,0.4206773618538324)
(3213,0.5333333333333333)
(1357,0.3655913978494624)
(1519,0.4090909090909091)
(3849,0.9)
(3915,0.6536796536796536)
(1847,0.4)
(2399,0.6114149008885851)
(2639,0.7192192192192193)
(3247,0.66993006993007)
(551,0.7941176470588235)
(1869,0.7142857142857143)
(191,1.0)
(793,0.5894736842105263)
(761,0.75)
(2965,0.34558823529411764)
(57,0.5238095238095238)
(3615,0.6263157894736842)
(1765,0.5351981351981352)
(1763,0.6451612903225806)
(463,0.3997785160575858)
(1295,0.6)
(2469,0.8715312327252626)
(2267,0.5956508962679988)
(3313,0.2600806451612903)
(1193,0.3055555555555556)
(49,0.5)
(2223,0.5980509745127436)
(1085,0.24382284382284383)
(2249,0.7134502923976608)
(693,0.7252747252747253)
(2341,0.3507692307692308)
(2625,0.7826213310084278)
(2799,0.9642857142857143)
(3987,1.0)
(115,0.5333333333333333)
(1599,0.509090909090909)
(717,1.0)
(1161,0.4327485380116959)
(1941,0.3705813436755141)
(2547,0.6743535988819007)
(3489,1.0)
(823,0.45324675324675323)
(2849,0.5540123456790124)
(889,0.7051282051282052)
(2125,0.6260330578512396)
(317,0.5238095238095238)
(813,0.5333333333333333)
(1469,0.36779448621553884)
(141,0.5555555555555556)
(221,0.8571428571428571)
(1273,0.4305555555555556)
(2775,0.5270655270655271)
(2535,0.5272727272727272)
(1113,0.5254394079555966)
(2177,0.8545454545454545)
(3469,0.5291005291005291)
(745,0.41040100250626566)
(1401,0.7878787878787878)
(917,0.22921884317233154)
(1247,0.4855072463768116)
(955,0.8444444444444444)
(1621,0.4819317798041202)
(2355,0.5471264367816092)
(1067,0.5792982456140351)
(593,0.6)
(1179,0.602020202020202)
(2075,0.8226950354609929)
(3959,1.0)
(2077,0.8679365079365079)
(2833,0.49262270400481784)
(3075,0.2648221343873518)
(3851,0.44535359438924604)
(2157,0.6909581646423751)
(105,0.6703296703296703)
(125,0.6666666666666666)
(1451,0.7591397849462366)
(157,0.6666666666666666)
(1665,0.5675540557430321)
(1429,0.4182076813655761)
(3607,0.75)
(625,0.680952380952381)
(611,0.8166666666666667)
(1403,1.0)
(2951,0.21840419336051253)
(2589,0.7341772151898734)
(2211,0.44654088050314467)
(1083,0.5919137466307277)
(2997,0.5714285714285714)
(887,1.0)
(3069,0.5166666666666667)
(1169,0.6198830409356725)
(1963,0.8686730506155951)
(725,0.8928571428571429)
(1725,0.29411764705882354)
(3059,1.0)
(2817,1.0)
(657,0.6190476190476191)
(713,0.3235412474849095)
(1895,0.7357357357357357)
(4003,1.0)
(837,0.5897435897435898)
(1283,0.24798387096774194)
(1667,0.4188034188034188)
(1589,0.47508369201339073)
(2719,0.42363636363636364)
(395,0.41626794258373206)
(2431,1.0)
(3307,0.3333333333333333)
(1675,0.5279988211022694)
(617,0.5766666666666667)
(947,0.5981693363844394)
(1845,0.42237623762376236)
(1213,0.6)
(503,0.5245009074410163)
(2603,0.5935030728709394)
(3041,0.5754985754985755)
(1361,0.452769428939459)
(2815,0.6804511278195489)
(3159,0.6190476190476191)
(3349,0.48484848484848486)
(2769,0.5303030303030303)
(67,0.36140350877192984)
(3117,0.3143881208397337)
(811,0.8333333333333334)
(1313,0.6149732620320856)
(1309,0.6921373200442967)
(85,0.6483516483516484)
(405,0.4727272727272727)
(789,0.5641025641025641)
(3295,0.41545893719806765)
(2369,0.7412203460064228)
(3545,0.3397002644725242)
(2783,0.36553030303030304)
(1993,0.7290152660586255)
(225,0.8444444444444444)
(619,0.6523076923076923)
(2087,0.5621174524400331)
(3485,0.5730994152046783)
(3153,0.41818181818181815)
(465,0.42624042624042624)
(1719,0.6374269005847953)
(323,0.4844804318488529)
(3763,0.4696969696969697)
(55,0.8308823529411765)
(3237,0.455026455026455)
(107,0.049038479165520905)
(2285,0.6841750841750842)
(4021,0.6181818181818182)
(1647,0.6702040816326531)
(1633,0.6047430830039525)
(3757,0.875)
(205,1.0)
(3227,0.4)
(1275,0.43295739348370926)
(2983,0.6029411764705882)
(873,1.0)
(183,1.0)
(1929,0.8426490066225165)
(1593,0.39919354838709675)
(2841,0.24946236559139784)
(1391,0.4729720853858785)
(3699,1.0)
(2395,0.7718285104513213)
(1001,0.4143049932523617)
(2821,0.5897435897435898)
(47,1.0)
(1557,0.5047240618101545)
(3431,0.19367588932806323)
(1093,0.5555555555555556)
(2543,0.35991734577790163)
(989,0.6588235294117647)
(3299,0.37796610169491524)
(1103,0.7142857142857143)
(207,1.0)
(3941,0.38095238095238093)
(3503,0.6025641025641025)
(2003,0.7881205673758865)
(521,0.6285714285714286)
(739,0.49014778325123154)
(991,0.32748538011695905)
(377,1.0)
(3203,0.37849462365591396)
(3141,0.6909090909090909)
(2353,0.8429548563611491)
(2967,0.6060606060606061)
(3525,0.42698412698412697)
(155,0.6666666666666666)
