(384,0.8333333333333334)
(1084,0.6952380952380952)
(1410,0.6904761904761905)
(3456,0.47215686274509805)
(3702,0.5320056899004267)
(3272,0.4164904862579281)
(3066,0.6043956043956044)
(4038,0.5555555555555556)
(1894,0.5381464413722479)
(466,0.9444444444444444)
(1040,0.6404341926729986)
(912,0.4722222222222222)
(2958,0.25435540069686413)
(140,0.8909090909090909)
(204,0.5887445887445888)
(956,0.8222222222222222)
(3706,0.6266666666666667)
(2334,0.7443436555103743)
(3436,0.5714285714285714)
(2506,0.8036978756884343)
(492,0.5317307692307692)
(1148,0.5735576923076923)
(160,1.0)
(450,0.6406926406926406)
(2594,0.5099519560741249)
(1168,0.5333333333333333)
(1596,0.6127819548872181)
(1780,0.4052631578947368)
(1830,0.4083333333333333)
(2346,0.7158730158730159)
(3932,0.8928571428571429)
(2904,0.2871674491392801)
(1500,0.5344827586206896)
(460,0.41351981351981354)
(2664,0.5548045841904202)
(3336,1.0)
(1390,0.47544257340241797)
(548,0.45161290322580644)
(1630,0.3437358661239258)
(1732,0.6569148936170213)
(2602,0.7284520330205609)
(2092,0.4795127353266888)
(528,0.6538461538461539)
(1550,0.7823613086770982)
(1182,0.6461538461538462)
(1632,0.614086335605323)
(558,0.5631578947368421)
(1150,0.6263736263736264)
(1808,0.27472527472527475)
(3032,0.6493506493506493)
(1716,0.6225988700564972)
(2938,0.32105263157894737)
(2912,0.6551912568306011)
(944,0.5495495495495496)
(3922,1.0)
(1046,1.0)
(1202,0.3055555555555556)
(2192,0.6939024390243902)
(2718,0.3303303303303303)
(196,0.717948717948718)
(1816,0.573458602466236)
(3118,0.346723044397463)
(1158,0.5412587412587413)
(1280,0.5743859649122807)
(1310,0.7207977207977208)
(338,0.6666666666666666)
(3858,0.6491935483870968)
(1176,1.0)
(3296,0.39878048780487807)
(3568,0.34789915966386553)
(1144,0.7047619047619048)
(1670,0.2909090909090909)
(2706,0.47715965626413387)
(2052,0.72848158131177)
(1098,0.383399209486166)
(2180,0.6534699580810434)
(266,0.8823529411764706)
(1344,0.6244200244200244)
(834,0.6090808416389811)
(344,0.5)
(1320,0.47966269841269843)
(2618,0.44664031620553357)
(664,0.7352941176470589)
(2174,0.5862745098039216)
(3500,0.6789473684210526)
(2040,0.743813175322412)
(988,0.7682926829268293)
(2360,0.4696969696969697)
(2974,0.6165984804208066)
(2762,0.319047619047619)
(3918,0.25161290322580643)
(3270,0.9333333333333333)
(968,0.31666666666666665)
(3146,0.6480874316939891)
(1940,0.6979897148200094)
(1468,0.8602150537634409)
(3722,0.5075757575757576)
(2790,0.4722222222222222)
(1678,0.27450980392156865)
(836,0.5454545454545454)
(3490,0.5238095238095238)
(326,0.6666666666666666)
(1556,0.79)
(1800,0.4020408163265306)
(2246,0.6777155655095185)
(2744,0.5897435897435898)
(1656,0.23172905525846701)
(3848,0.9333333333333333)
(2034,0.42857142857142855)
(208,0.8571428571428571)
(436,0.5141242937853108)
(3700,1.0)
(1186,0.9485294117647058)
(2198,0.7185185185185186)
(2366,0.5301587301587302)
(1906,0.6320346320346321)
(3910,1.0)
(3520,0.5333333333333333)
(2070,0.6282051282051282)
(3000,0.47692307692307695)
(3128,0.8222222222222222)
(2588,0.7028083028083028)
(1044,0.7777777777777778)
(1674,0.2)
(2648,0.6781914893617021)
(536,0.8138528138528138)
(2398,0.6137071651090342)
(734,0.4308300395256917)
(3880,0.4666666666666667)
(3696,0.8571428571428571)
(1076,0.5625811607232045)
(4,0.8666666666666667)
(2578,0.832485410743678)
(150,0.5636363636363636)
(3462,0.6684210526315789)
(3488,0.5615171137835338)
(3180,0.9642857142857143)
(1300,0.6408602150537634)
(1042,0.6952380952380952)
(2976,0.4097560975609756)
(3980,0.0853302162478083)
(3018,0.4160919540229885)
(152,0.7)
(368,0.5882352941176471)
(796,0.6666666666666666)
(2886,0.7777777777777778)
(236,0.4099099099099099)
(316,1.0)
(3140,0.2414486921529175)
(3304,0.453781512605042)
(406,0.6666666666666666)
(612,0.6952380952380952)
(888,1.0)
(874,0.9523809523809523)
(3298,0.43636363636363634)
(162,0.8571428571428571)
(2368,0.6075949367088608)
(4016,1.0)
(1850,0.5197044334975369)
(2200,0.7660975937626024)
(3164,0.6222222222222222)
(2724,0.282815734989648)
(120,0.5)
(1218,0.7636363636363637)
(1356,0.5526315789473685)
(994,0.43874643874643876)
(2352,0.8097376675220986)
(166,0.6666666666666666)
(3328,0.1830065359477124)
(1922,0.6095238095238096)
(2332,0.6632400533028745)
(3602,0.6323529411764706)
(1710,0.7047619047619048)
(3902,0.47502903600464574)
(3620,0.6)
(1014,0.41517212945784376)
(2068,0.569098277608916)
(1688,0.41500559910414336)
(2004,0.6326530612244898)
(1690,1.0)
(1750,0.5977142857142858)
(2178,0.6666666666666666)
(304,0.3872053872053872)
(1228,0.5375494071146245)
(496,0.5115384615384615)
(498,0.4666666666666667)
(306,1.0)
(2080,0.5833333333333334)
(2206,0.7219867851446798)
(282,1.0)
(1132,0.557187094196384)
(360,0.5282392026578073)
(3548,0.5)
(3202,0.7818181818181819)
(1792,0.6)
(1532,0.728744939271255)
(52,1.0)
(3374,0.45)
(3870,0.5384615384615384)
(2928,0.46812585499316006)
(298,0.9454545454545454)
(156,0.5303030303030303)
(1608,0.5679339817270852)
(2518,0.5124113475177305)
(2132,0.5616563715396934)
(702,0.8214285714285714)
(720,0.49673202614379086)
(3912,0.8952380952380953)
(770,0.3504273504273504)
(2824,1.0)
(1136,0.5492424242424242)
(3590,0.6438746438746439)
(1488,0.5253731343283582)
(3678,0.5)
(362,0.5497076023391813)
(862,0.4492753623188406)
(3658,0.6083333333333333)
(1066,0.5263388937664618)
(2514,0.75)
(2972,0.8602941176470589)
(432,0.4808080808080808)
(3398,0.8928571428571429)
(1290,0.5479818230419674)
(1726,0.2857142857142857)
(4020,0.5357142857142857)
(3380,0.4142857142857143)
(966,0.6314263920671244)
(694,0.46331236897274636)
(1898,0.5956435643564356)
(280,0.4673311184939092)
(2528,0.8571428571428571)
(2426,0.673202614379085)
(922,0.46436781609195404)
(1126,0.46500538378710965)
(3470,0.5666666666666667)
(1050,0.8181818181818182)
(3846,1.0)
(1004,0.6014005602240896)
(3554,0.5952380952380952)
(446,0.6797385620915033)
(2868,0.3047619047619048)
(1992,0.8571428571428571)
(2646,0.7833056937534549)
(42,1.0)
(2930,0.9642857142857143)
(1730,0.4013765978367748)
(2752,0.42857142857142855)
(3624,0.5054945054945055)
(3236,0.6)
(3930,0.33209990749306195)
(488,0.6666666666666666)
(2288,0.4238095238095238)
(3946,0.8333333333333334)
(348,0.12303684976633725)
(3524,0.575)
(2322,0.36231884057971014)
(3220,0.5932914046121593)
(930,0.4856711915535445)
(2054,0.5296523517382413)
(3274,0.28110599078341014)
(2412,0.3247311827956989)
(744,1.0)
(906,0.5541125541125541)
(1496,0.4450354609929078)
(3914,0.35714285714285715)
(952,0.7544463568559954)
(3790,0.5444444444444444)
(2030,0.7834512103961819)
(1268,0.23636363636363636)
(1418,0.4523809523809524)
(288,0.8333333333333334)
(1858,0.37192118226600984)
(2452,0.6666666666666666)
(2750,0.5834733893557423)
(3416,0.7554426705370102)
(3810,0.4436974789915966)
(2220,0.7654771345492994)
(2948,0.6238095238095238)
(3086,0.5330330330330331)
(100,0.6111111111111112)
(482,0.6060606060606061)
(2906,0.5441949354992833)
(332,0.42081949058693247)
(2550,0.7925772563453722)
(2586,0.7978839629693519)
(1092,0.5224489795918368)
(1222,0.4683847767455799)
(300,0.7619047619047619)
(3400,0.49747899159663866)
(2644,0.42165242165242167)
(3330,0.416783543712015)
(3186,0.3557312252964427)
(2696,0.39766081871345027)
(3496,0.27485380116959063)
(1988,0.532608695652174)
(850,0.35555555555555557)
(3938,0.35321774904496034)
(3644,0.7692307692307693)
(812,0.7857142857142857)
(1070,0.2943722943722944)
(2194,0.655113829425756)
(3360,0.3187708256201407)
(532,0.35555555555555557)
(2672,0.5885885885885885)
(1294,0.5844155844155844)
(118,0.5365079365079365)
(3022,0.5936708860759494)
(846,0.6)
(858,1.0)
(1196,0.6061538461538462)
(2338,0.6751613999320422)
(658,0.9021739130434783)
(738,0.61)
(3168,0.41843971631205673)
(1216,0.7666666666666667)
(3692,0.65149359886202)
(1842,0.5546218487394958)
(1622,0.46334103749357985)
(2818,0.21666666666666667)
(3090,0.3679473866389754)
(3412,0.4626262626262626)
(3370,0.8)
(1930,0.5641025641025641)
(3228,0.5873015873015873)
(3148,0.3701149425287356)
(3976,0.7238095238095238)
(2688,0.36363636363636365)
(3378,0.4824858757062147)
(28,0.7692307692307693)
(3116,0.4401294498381877)
(1870,0.6521739130434783)
(958,0.9239130434782609)
(2312,0.85)
(3542,0.5454545454545454)
(354,0.64)
(3196,0.38461538461538464)
(106,0.42857142857142855)
(2926,0.7333333333333333)
(3664,0.5333333333333333)
(1400,0.6623376623376623)
(3338,0.8611111111111112)
(2508,0.7052387965495477)
(2802,0.6888888888888889)
(2820,0.5428571428571428)
(274,0.5604395604395604)
(1232,0.8448275862068966)
(2710,0.5256410256410257)
(3742,0.8)
(2666,0.6338797814207651)
(3796,0.6545454545454545)
(3882,0.5)
(2008,0.5714285714285714)
(1252,1.0)
(182,0.6666666666666666)
(3904,0.47619047619047616)
(2326,0.7906890130353817)
(3132,0.5720022948938611)
(1288,0.6619684663162924)
(1660,0.5253623188405797)
(1642,0.20634920634920634)
(3172,0.44561815336463223)
(3394,0.3913978494623656)
(1024,0.6246498599439776)
(1326,1.0)
(3552,0.7142857142857143)
(3474,0.6013071895424836)
(3576,0.4912891986062718)
(2438,0.6180860403863038)
(1370,0.6283783783783784)
(44,1.0)
(88,0.3368421052631579)
(2300,0.6585828478525945)
(618,0.5253623188405797)
(3264,0.5741935483870968)
(3762,0.625)
(670,0.932806324110672)
(3466,0.5076923076923077)
(876,0.8909090909090909)
(1576,0.6573426573426573)
(3010,0.36693548387096775)
(622,0.6282051282051282)
(3156,0.7307692307692307)
(2112,0.793317610062893)
(1448,0.6380090497737556)
(1802,0.8939393939393939)
(3408,1.0)
(1818,0.4298850574712644)
(396,0.6096866096866097)
(2170,0.7647058823529411)
(1112,0.686932215234102)
(2386,0.8609112709832134)
(2256,0.9047619047619048)
(418,0.5019762845849802)
(2800,0.5597711532670883)
(238,0.7154150197628458)
(3690,0.28)
(3012,0.7636363636363637)
(20,0.6857142857142857)
(3536,0.4)
(268,0.9090909090909091)
(1788,0.8666666666666667)
(2548,0.9285714285714286)
(3760,0.5367647058823529)
(3040,0.7349019607843137)
(3832,0.7575757575757576)
(1794,0.23934837092731828)
(1214,0.4680950163018165)
(3050,0.4666666666666667)
(1618,0.47101449275362317)
(1580,0.6018219218336762)
(1722,0.5188311688311689)
(3712,0.75)
(504,0.30564784053156147)
(2918,0.7526315789473684)
(614,0.7096774193548387)
(1904,0.5563218390804597)
(3062,0.37298387096774194)
(3218,0.9444444444444444)
(3248,0.23870967741935484)
(2524,0.717948717948718)
(370,0.4688128772635815)
(2142,0.6238173591114767)
(552,0.8333333333333334)
(3804,0.5280612244897959)
(62,0.5230769230769231)
(2606,0.9012612612612613)
(3438,0.5797101449275363)
(444,0.4727104532839963)
(6,0.9333333333333333)
(3996,0.5)
(620,0.5421052631578948)
(1718,0.3550062840385421)
(3068,0.6916666666666667)
(86,1.0)
(60,0.6785714285714286)
(3818,0.6483516483516484)
(1450,0.3201581027667984)
(3414,0.7254901960784313)
(1462,0.595811818703385)
(1778,0.43385490753911804)
(398,0.6628787878787878)
(1234,0.6857142857142857)
(1054,0.6023759608665269)
(3072,0.22415458937198068)
(2538,0.6279220779220779)
(3752,0.6432748538011696)
(3250,0.8288770053475936)
(3646,0.7794117647058824)
(426,0.5555555555555556)
(262,1.0)
(36,0.9636363636363636)
(2290,0.7963886909004514)
(3046,0.43843843843843844)
(978,0.573562359970127)
(2446,0.8075310559006211)
(924,0.4202020202020202)
(242,0.5978260869565217)
(2032,0.5849408256453267)
(2558,0.33766233766233766)
(1890,0.4666666666666667)
(2244,0.7468844221105527)
(2060,0.7626235399820306)
(4012,1.0)
(2898,0.8928571428571429)
(1322,0.5273408239700375)
(1616,0.5289795918367347)
(3440,0.5230769230769231)
(1952,0.5367647058823529)
(148,0.42105263157894735)
(2114,0.42857142857142855)
(3444,0.9)
(2890,0.45480668756530823)
(2662,0.4114114114114114)
(940,0.5882352941176471)
(2482,0.8165094339622642)
(2120,0.4308300395256917)
(3244,0.5384615384615384)
(486,0.825)
(3758,0.32346723044397463)
(3346,0.41008403361344536)
(2058,0.7249122807017544)
(3906,0.3657505285412262)
(3770,0.3333333333333333)
(128,0.5952380952380952)
(560,0.535632183908046)
(2674,0.631055900621118)
(3982,0.5054945054945055)
(2196,0.7095913261050876)
(2860,1.0)
(700,0.8095238095238095)
(2658,0.7174603174603175)
(2722,1.0)
(642,1.0)
(1530,0.6615384615384615)
(3366,0.3157059756742464)
(2154,0.8093553459119497)
(1230,0.5563870967741935)
(2788,1.0)
(960,0.5735770036169807)
(3184,0.46939890710382515)
(3994,0.6909090909090909)
(580,0.3654618473895582)
(3162,0.3508771929824561)
(778,0.6583333333333333)
(1426,0.625)
(1786,0.43921821305841924)
(2242,0.4064102564102564)
(1080,0.392090395480226)
(2498,0.621368107984443)
(1330,0.5523641782956239)
(1350,0.5776515151515151)
(2436,0.6961793639899336)
(2806,0.4595918367346939)
(986,0.7454545454545455)
(1840,0.5777777777777777)
(3362,0.4648648648648649)
(4006,1.0)
(2396,0.6534526854219949)
(1880,0.8306451612903226)
(2304,0.5958041958041959)
(2062,0.5470175438596491)
(3404,0.41830065359477125)
(2616,0.616969696969697)
(3788,0.8939393939393939)
(1876,0.39675324675324675)
(2486,0.7647058823529411)
(1658,0.4853801169590643)
(1752,0.6016781083142639)
(452,0.48548199767711964)
(2234,0.5714285714285714)
(2362,0.8233333333333334)
(3746,1.0)
(512,0.6699507389162561)
(1246,0.2823529411764706)
(2632,0.9047619047619048)
(3130,0.6410256410256411)
(2202,0.6556122448979592)
(2814,1.0)
(1480,0.44413277232351567)
(420,0.4919786096256685)
(2584,0.7523809523809524)
(2272,0.6428571428571429)
(3884,0.5490196078431373)
(366,0.33526632302405496)
(2138,0.6070030678091611)
(350,0.3952380952380952)
(808,0.8611111111111112)
(1754,0.4849624060150376)
(2036,0.6666666666666666)
(3024,0.32967032967032966)
(1058,0.5238095238095238)
(3302,0.17005879692446857)
(1908,0.37777777777777777)
(842,0.5690690690690691)
(2188,0.7503338496875167)
(3324,0.39427960438385456)
(40,0.4048625792811839)
(1654,0.8095238095238095)
(2298,0.5)
(1782,0.5355042966983266)
(434,0.5625)
(3472,0.8380952380952381)
(3636,0.72)
(1848,0.8380952380952381)
(2540,0.3311827956989247)
(2250,0.6055045871559633)
(1862,0.6589797344514325)
(1062,0.354978354978355)
(1068,0.5527210884353742)
(2874,0.5402405180388529)
(2704,1.0)
(636,0.6266666666666667)
(3708,0.9619047619047619)
(96,0.3888888888888889)
(698,0.13125548726953468)
(1486,1.0)
(3970,0.4666666666666667)
(3556,0.47435897435897434)
(3092,0.5636363636363636)
(2424,0.6363636363636364)
(3350,0.4019873532068654)
(2280,0.6797194623027469)
(1316,0.7983870967741935)
(2804,0.4722222222222222)
(2756,0.6404040404040404)
(1006,0.5332134651882928)
(98,0.5246598639455783)
(814,0.6276923076923077)
(92,0.7761904761904762)
(3008,0.95)
(3348,0.5697074010327022)
(1406,0.7483870967741936)
(3808,1.0)
(3886,0.5517241379310345)
(2370,0.8352817866645167)
(2798,0.6666666666666666)
(72,0.605072463768116)
(2410,0.700060972749871)
(1324,0.6833333333333333)
(2836,0.2645161290322581)
(2856,0.33986928104575165)
(3730,0.701058201058201)
(1120,0.6666666666666666)
(1966,0.7394260845913233)
(652,1.0)
(854,1.0)
(3606,0.8)
(1852,0.329004329004329)
(2088,0.7471671024970518)
(84,0.4230769230769231)
(122,0.38556067588325654)
(2748,0.34954954954954953)
(3058,0.9333333333333333)
(1984,0.776106138513299)
(76,1.0)
(1192,0.47100515463917525)
(3422,0.46153846153846156)
(430,0.5704125177809388)
(2420,0.7759259259259259)
(902,0.8231884057971014)
(1928,0.7944664031620553)
(2130,0.5818181818181818)
(1030,0.6181818181818182)
(1918,0.7998447204968944)
(1796,0.6285714285714286)
(2462,0.7478070175438597)
(124,0.5)
(984,0.7619047619047619)
(3214,0.19508448540706605)
(1340,0.6943164362519201)
(2286,0.5615942028985508)
(948,0.561877667140825)
(1420,0.4974259974259974)
(8,0.6785714285714286)
(2394,0.6047032474804032)
(2444,0.9083333333333333)
(2294,0.5829833355913833)
(3666,0.9444444444444444)
(2622,0.5857142857142857)
(372,0.4264705882352941)
(3888,0.5111111111111111)
(820,0.43812233285917496)
(3964,0.6285714285714286)
(786,0.5555555555555556)
(1124,0.4381633870005963)
(3318,0.7263157894736842)
(3340,0.25)
(3190,0.5606060606060606)
(2968,0.3333333333333333)
(3824,0.4922448979591837)
(1772,0.6480874316939891)
(600,0.8804347826086957)
(2774,0.9333333333333333)
(2224,0.6339631782945736)
(2374,0.8238522954091816)
(1994,0.808531746031746)
(1178,0.46153846153846156)
(2582,0.7106930693069307)
(2780,0.2863822326125073)
(1996,0.8333333333333334)
(3940,0.7272727272727273)
(3476,0.8476190476190476)
(910,1.0)
(798,0.47619047619047616)
(3322,0.9642857142857143)
(2760,0.4909090909090909)
(3900,0.46167557932263814)
(2654,0.8481236203090508)
(1920,0.6418765827002533)
(1266,0.7564102564102564)
(2276,0.8085052202699261)
(726,0.6190476190476191)
(1766,0.6064102564102564)
(3104,0.4346165148398472)
(1032,0.49691658552418044)
(2490,0.6761904761904762)
(1298,0.6285714285714286)
(2150,0.75010907504363)
(1452,0.7878787878787878)
(2480,0.5470085470085471)
(1258,0.445993031358885)
(3890,0.4)
(616,0.4678362573099415)
(1346,1.0)
(3226,0.6079195066536839)
(3356,0.7736842105263158)
(1874,0.6794871794871795)
(606,0.2549450549450549)
(1184,0.5323712005160042)
(1686,0.5008403361344538)
(3504,0.5357142857142857)
(678,0.42153846153846153)
(190,0.5)
(3458,0.6157894736842106)
(2128,0.49402771141901575)
(872,0.9523809523809523)
(378,0.526176626123744)
(1396,0.740041928721174)
(1306,0.5323076923076923)
(176,0.7252747252747253)
(26,0.4113257243195786)
(3648,0.5238095238095238)
(2628,0.6058201058201058)
(3898,0.825)
(1534,0.23484848484848486)
(2320,0.8583333333333333)
(1362,1.0)
(1856,1.0)
(3778,0.7948717948717948)
(2840,0.42803030303030304)
(1972,0.5151138716356107)
(2146,0.38405797101449274)
(3310,0.9)
(3386,0.43137254901960786)
(3108,0.7204301075268817)
(376,0.2631578947368421)
(294,0.6666666666666666)
(928,0.9444444444444444)
(188,0.45567375886524825)
(2640,0.6298701298701299)
(2296,0.5793226381461676)
(3312,0.5220588235294118)
(2350,0.5079365079365079)
(634,0.6833333333333333)
(70,1.0)
(364,0.8055555555555556)
(2166,0.5)
(3972,0.7973856209150327)
(3674,0.5092460881934566)
(2478,0.5593735390369331)
(1998,0.6212438853948288)
(562,0.7)
(3892,0.9102564102564102)
(2228,0.4314516129032258)
(1342,0.6222222222222222)
(1948,0.7114918656974731)
(2380,1.0)
(232,0.62)
(1378,0.8548387096774194)
(3852,0.5757575757575758)
(3406,0.38343685300207037)
(2318,0.5420420420420421)
(240,0.6666666666666666)
(3482,0.6923076923076923)
(3694,0.5)
(1832,0.7227053140096619)
(258,0.4857142857142857)
(1286,0.6126482213438735)
(2314,0.7192982456140351)
(2966,0.47804619996473285)
(3934,0.6888888888888889)
(3956,0.5217391304347826)
(826,0.6363636363636364)
(484,0.2671486510315641)
(234,1.0)
(1392,0.6876876876876877)
(3178,0.2833333333333333)
(2340,0.7580372250423012)
(1736,0.5339123242349049)
(3460,0.4417989417989418)
(3194,0.6691176470588235)
(762,0.8717948717948718)
(1166,0.5131578947368421)
(130,0.35833333333333334)
(2896,0.5469387755102041)
(1434,0.5714285714285714)
(3562,0.9238095238095239)
(1666,0.20317460317460317)
(518,0.6666666666666666)
(828,0.32684193443687115)
(990,0.29802955665024633)
(1358,0.42515379357484623)
(1552,0.42857142857142855)
(964,0.4707692307692308)
(2144,0.7718947718947718)
(2316,0.3111111111111111)
(38,0.3611111111111111)
(3206,0.672156862745098)
(3082,0.4158920539730135)
(2430,0.8199338686820973)
(1644,0.5694799658994032)
(2714,0.6666666666666666)
(2454,0.75)
(2442,0.6666666666666666)
(1702,0.31212121212121213)
(1812,0.7315010570824524)
(3262,0.8152173913043478)
(3680,0.30454042081949056)
(2066,0.8333333333333334)
(2908,0.8290598290598291)
(1274,0.4866666666666667)
(1822,0.8939393939393939)
(1926,0.48726293345303556)
(3142,0.674025974025974)
(3854,1.0)
(3234,0.5)
(2274,0.8840336134453781)
(2158,0.8)
(3122,0.9444444444444444)
(886,0.9642857142857143)
(1860,0.22058823529411764)
(1614,0.544466800804829)
(3872,0.43956043956043955)
(1422,0.4835164835164835)
(3642,0.5138339920948617)
(1744,0.5885885885885885)
(3698,0.673202614379085)
(2846,0.6780626780626781)
(1980,0.6152882205513784)
(1224,1.0)
(898,0.7610241820768137)
(2534,0.6993464052287581)
(388,0.5633001422475107)
(254,0.9044117647058824)
(296,0.9523809523809523)
(1026,0.5740506329113924)
(2894,0.419672131147541)
(3260,0.48677248677248675)
(1784,0.8014705882352942)
(3442,0.3656565656565657)
(1676,0.7166666666666667)
(822,0.41904761904761906)
(2388,0.4666666666666667)
(2500,0.7800491098833641)
(2870,0.36363636363636365)
(1912,0.10548597326400477)
(2496,0.9090909090909091)
(2580,0.8)
(1156,0.5380333951762524)
(1332,0.5354239256678281)
(2536,0.7526881720430108)
(3924,0.5280487804878049)
(2932,0.4269230769230769)
(248,0.5047619047619047)
(852,1.0)
(1760,0.6666666666666666)
(2408,0.8390092879256966)
(1064,0.42735042735042733)
(2698,0.6197783461210571)
(178,0.46153846153846156)
(2342,0.41798941798941797)
(1504,0.4337568058076225)
(1276,1.0)
(3076,0.37400820793433653)
(3958,0.5)
(1944,0.6600985221674877)
(3732,1.0)
(3006,1.0)
(3334,0.8611111111111112)
(704,0.6)
(3756,0.3737704918032787)
(756,0.6888888888888889)
(3928,0.6666666666666666)
(1508,0.8390151515151515)
(3038,0.3725182863113898)
(1090,0.6282051282051282)
(1844,0.3391304347826087)
(2106,0.8333333333333334)
(2702,0.3333333333333333)
(394,0.5253968253968254)
(1122,0.5357142857142857)
(3392,0.5367647058823529)
(1692,0.43183673469387757)
(3544,0.5)
(2140,0.8074303405572756)
(882,0.9642857142857143)
(206,0.5)
(3478,0.8014705882352942)
(2460,0.7969146238377007)
(2830,0.6363636363636364)
(3276,0.26842105263157895)
(2336,0.5421923937360179)
(806,0.49523809523809526)
(1072,0.6184615384615385)
(2754,0.4083457526080477)
(684,0.7315789473684211)
(3300,0.5163398692810458)
(1960,0.40420819490586934)
(244,1.0)
(3802,0.775)
(2684,0.708994708994709)
(2826,0.3111111111111111)
(1208,1.0)
(1388,0.580895008605852)
(134,0.7076023391812866)
(970,0.7523809523809524)
(2328,0.48258488499452357)
(2102,0.5820032384917881)
(3908,0.5714285714285714)
(2920,0.5438726397630507)
(838,0.7489177489177489)
(3688,1.0)
(3944,0.46153846153846156)
(510,0.4307692307692308)
(3936,0.9333333333333333)
(272,0.35353535353535354)
(1584,0.415572105619499)
(202,0.6666666666666666)
(278,0.8)
(2270,0.8476190476190476)
(3342,0.257243195785777)
(1188,0.6471774193548387)
(976,0.7210144927536232)
(816,0.6666666666666666)
(2590,0.7460375012949342)
(718,0.5011494252873563)
(3292,0.30303030303030304)
(980,0.5136564960629921)
(2056,0.6466819221967963)
(1094,0.5272727272727272)
(2014,0.8222222222222222)
(666,0.6666666666666666)
(1974,0.6666666666666666)
(1458,0.4166666666666667)
(2284,0.6584415584415585)
(2680,0.6088534107402032)
(2344,0.5410468319559228)
(584,0.5904761904761905)
(3044,0.7333333333333333)
(2018,0.5872053872053872)
(1604,0.47205368633940065)
(3372,1.0)
(2050,0.8221343873517787)
(3176,0.5925925925925926)
(3526,0.3425287356321839)
(1140,0.6944444444444444)
(1380,0.6700280112044817)
(3430,0.44761904761904764)
(3182,0.47058823529411764)
(1118,0.8067226890756303)
(3656,0.7056277056277056)
(2560,0.6933333333333334)
(3668,0.9818181818181818)
(1684,0.044774546986936364)
(1134,0.6363636363636364)
(328,1.0)
(1360,0.43243243243243246)
(2204,1.0)
(706,0.9411764705882353)
(1924,0.8666666666666667)
(3232,0.4891941391941392)
(3344,0.5431578947368421)
(230,0.2777777777777778)
(800,0.5345345345345346)
(2212,0.8480986639260021)
(2520,0.8058388765705838)
(802,1.0)
(2650,0.8169934640522876)
(648,1.0)
(3426,0.42620101137800254)
(610,0.9)
(1334,0.4448484848484848)
(50,0.5636363636363636)
(2522,0.5384615384615384)
(2922,1.0)
(1082,0.6892230576441103)
(2954,0.5128205128205128)
(154,1.0)
(1586,1.0)
(3768,0.5217391304347826)
(422,0.22542372881355932)
(596,0.1681159420289855)
(2764,0.31333333333333335)
(1108,0.8062015503875969)
(3626,0.4642857142857143)
(1648,0.91)
(3962,0.5519568151147098)
(1180,0.6676767676767676)
(2190,0.8059595095523239)
(3608,0.783625730994152)
(3432,0.4)
(1610,0.47555081288054735)
(2726,0.5955882352941176)
(3166,0.55049786628734)
(2620,0.661952861952862)
(374,0.49824407374890256)
(1292,0.7111111111111111)
(1194,0.6666666666666666)
(1302,0.6600246870040557)
(2530,0.5714285714285714)
(1212,0.5046153846153846)
(2118,0.7821708954374786)
(2064,0.772391746585295)
(3238,0.6134146341463415)
(2230,0.9)
(2458,0.6402803545660688)
(1544,0.580952380952381)
(2134,0.6988795518207283)
(1110,0.4509316770186335)
(454,1.0)
(4018,0.9047619047619048)
(2002,0.6112044817927171)
(772,0.6797385620915033)
(2354,0.7969311761684643)
(3764,0.2733990147783251)
(752,0.6586059743954481)
(586,1.0)
(1724,0.6265341905318527)
(428,0.26758199847444697)
(1900,0.6276923076923077)
(1328,0.6368421052631579)
(464,0.6)
(2422,0.9)
(14,0.7428571428571429)
(1336,0.7427609427609427)
(1338,0.35645302897278314)
(1494,0.6184615384615385)
(302,0.7526315789473684)
(4014,0.4393939393939394)
(2078,0.7320100453974693)
(226,0.8131868131868132)
(1430,1.0)
(318,0.5272727272727272)
(1128,0.5615400799495056)
(1414,0.9642857142857143)
(2850,0.678030303030303)
(2892,0.45073891625615764)
(228,1.0)
(1416,0.604095004095004)
(3002,0.24804381846635368)
(94,0.6666666666666666)
(192,0.4)
(3518,0.7064393939393939)
(1282,0.5864793678665496)
(2010,0.8029259896729777)
(2716,0.29720044792833145)
(3192,0.5666666666666667)
(3710,0.7138461538461538)
(1304,0.40256045519203415)
(3566,0.3611111111111111)
(3240,0.4354312354312354)
(992,0.8043010752688172)
(3306,0.3939393939393939)
(3998,0.46153846153846156)
(2608,0.5662749948464234)
(1404,0.6971428571428572)
(646,0.7948717948717948)
(758,0.6157894736842106)
(2838,1.0)
(3282,1.0)
(696,0.6365591397849463)
(2108,0.8411641478377974)
(3670,0.6926406926406926)
(1308,0.5736842105263158)
(2712,0.5126849894291755)
(58,0.2727272727272727)
(2116,0.4168269230769231)
(878,0.9333333333333333)
(3332,0.5145425700687467)
(3896,0.6)
(1104,0.4196398233095481)
(784,0.5128205128205128)
(2732,0.9642857142857143)
(848,0.49047619047619045)
(2330,0.7730496453900709)
(4036,1.0)
(2110,0.8283499446290143)
(1942,0.5465587044534413)
(1714,0.5029038008165143)
(1970,0.5187793427230047)
(1592,0.8)
(1190,0.7611336032388664)
(1296,0.5166666666666667)
(30,0.5)
(2634,0.4)
(754,0.5977011494252874)
(1262,1.0)
(2164,0.8055422838031534)
(3158,0.5256410256410257)
(252,0.4033653846153846)
(2604,0.7549450549450549)
(2464,0.7493719521205852)
(1020,0.6382335148215366)
(688,0.45151515151515154)
(2822,0.5934065934065934)
(3418,0.5333333333333333)
(3294,0.43873517786561267)
(2600,0.7462206301985308)
(506,0.5007824726134585)
(2964,0.21568627450980393)
(592,0.44878048780487806)
(2626,0.6203208556149733)
(2910,0.5809579782544814)
(3834,0.7619047619047619)
(470,0.6666666666666666)
(2924,0.5)
(1932,0.7554311310190369)
(3740,0.6923076923076923)
(3484,0.5428571428571428)
(1854,1.0)
(3284,0.6811594202898551)
(740,0.42857142857142855)
(2808,1.0)
(3516,0.945054945054945)
(3600,0.38095238095238093)
(1398,0.587737843551797)
(1968,0.6605042016806723)
(3434,0.42038441192029624)
(1142,0.615530303030303)
(804,0.5083333333333333)
(2792,1.0)
(2768,0.31216931216931215)
(4028,1.0)
(2746,0.7904761904761904)
(1774,0.45)
(1172,0.6098293299620733)
(3616,0.5909090909090909)
(174,0.8333333333333334)
(1424,0.6374269005847953)
(2494,0.6693657219973009)
(3986,0.7222222222222222)
(1100,0.6349206349206349)
(3364,0.5892857142857143)
(34,0.6)
(2488,0.46153846153846156)
(3966,0.43940795559666973)
(1518,0.3626373626373626)
(2844,0.29064039408866993)
(2306,0.888432364096081)
(2378,0.6571428571428571)
(3452,0.75)
(672,0.8928571428571429)
(2248,0.7124183006535948)
(1540,0.3337595907928389)
(682,0.5769230769230769)
(1826,0.602019025431955)
(1566,0.46842105263157896)
(3060,0.4325674325674326)
(2668,0.23885918003565063)
(1682,0.7297297297297297)
(1454,0.669683257918552)
(1680,0.5639344262295082)
(2956,0.4826754385964912)
(2694,0.5081813931743806)
(1226,0.42857142857142855)
(2980,1.0)
(3792,0.6190476190476191)
(2544,0.6275862068965518)
(1602,0.5303030303030303)
(400,0.4874429223744292)
(2364,0.6197115384615385)
(3534,0.3557312252964427)
(588,0.7362637362637363)
(764,0.582010582010582)
(2074,0.8324514991181657)
(334,0.5105820105820106)
(1106,0.3247863247863248)
(2020,0.8329436426670966)
(224,0.5211640211640212)
(1200,0.6666666666666666)
(1470,0.5653923541247485)
(2770,0.8439024390243902)
(2678,0.8055555555555556)
(3794,0.5310924369747899)
(1916,0.6806231742940604)
(890,0.8095238095238095)
(46,1.0)
(1538,0.5582942097026604)
(2946,0.30391583869082406)
(2700,0.20952380952380953)
(3546,0.44166666666666665)
(572,1.0)
(1762,1.0)
(1548,0.6984352773826458)
(3064,0.7118055555555556)
(1472,0.3041198501872659)
(3280,0.3900546640804091)
(1624,0.5378151260504201)
(1102,0.7262745098039216)
(2992,0.47300469483568075)
(3096,0.6231578947368421)
(662,0.894927536231884)
(1502,0.43933747412008284)
(2210,0.7973911213970124)
(1498,0.6666666666666666)
(3266,0.9642857142857143)
(312,0.4276923076923077)
(1888,0.3996763250443497)
(2186,0.7843137254901961)
(936,0.6381381381381381)
(2564,0.7602685174650131)
(1982,0.23976608187134502)
(3030,0.7857142857142857)
(158,0.3566666666666667)
(750,1.0)
(2012,0.8285714285714286)
(456,0.5191256830601093)
(1086,0.3445241511238642)
(686,0.11562826313957536)
(2262,0.6923076923076923)
(3754,0.5357142857142857)
(64,0.9523809523809523)
(3388,0.5555555555555556)
(1884,0.8306451612903226)
(3020,0.17717717717717718)
(2236,0.3963963963963964)
(1492,0.5)
(2988,0.5130568356374808)
(290,0.8241758241758241)
(1728,0.6875)
(508,0.4583333333333333)
(640,0.9209486166007905)
(2136,0.8467234357645317)
(3716,1.0)
(1354,0.6)
(2876,0.5054945054945055)
(3492,0.5)
(818,0.44166666666666665)
(714,0.6153846153846154)
(1516,0.5816415890454582)
(2720,0.4574829931972789)
(2026,0.5114035087719299)
(3724,0.4666666666666667)
(3254,0.36363636363636365)
(2324,0.7124728063814358)
(3222,0.5333333333333333)
(2612,0.656084656084656)
(116,0.6617647058823529)
(1708,0.7333333333333333)
(1170,0.32857142857142857)
(0,0.04196165314587463)
(1366,0.35291375291375293)
(3080,0.42592592592592593)
(2880,0.5710955710955711)
(102,1.0)
(1914,0.7150786308973173)
(1620,0.38373523622047245)
(3686,1.0)
(542,0.5021173623714459)
(2168,1.0)
(1720,0.5433673469387755)
(534,0.6785714285714286)
(3614,0.5777777777777777)
(656,1.0)
(1938,0.7722616233254531)
(1002,0.8333333333333334)
(574,0.6363636363636364)
(1248,0.6071428571428571)
(2348,0.8296688741721854)
(3014,0.5902547065337763)
(2914,0.32439024390243903)
(66,0.8761904761904762)
(1804,0.4734337827121332)
(2356,0.8279613763089896)
(138,1.0)
(3468,0.32019704433497537)
(1706,0.6039488966318235)
(3942,1.0)
(480,0.47619047619047616)
(1740,0.5900900900900901)
(3498,0.8627450980392157)
(530,0.6666666666666666)
(1528,0.5151138716356107)
(3860,0.6321321321321322)
(3124,0.25057471264367814)
(1606,0.6946236559139785)
(3174,0.5916327286190299)
(212,0.6993464052287581)
(3314,0.9)
(1866,0.4752688172043011)
(1318,0.5804878048780487)
(3354,0.9444444444444444)
(2434,0.5619047619047619)
(3662,0.4264705882352941)
(3726,0.7142857142857143)
(2160,0.42028985507246375)
(3836,0.5584415584415584)
(2310,0.6482213438735178)
(1220,0.5277777777777778)
(1352,0.41157697810058325)
(1242,0.6355773726040206)
(1438,0.8163992869875223)
(3842,0.4426829268292683)
(330,0.825)
(2000,0.7196969696969697)
(2734,0.15692307692307692)
(3766,0.9777777777777777)
(3572,1.0)
(676,0.8235294117647058)
(2852,0.8363636363636363)
(742,0.4393939393939394)
(3170,0.68)
(3530,0.5357142857142857)
(194,0.8245614035087719)
(3540,0.47771836007130125)
(1408,0.3850267379679144)
(1600,0.5281461833185971)
(2902,1.0)
(2570,0.38571428571428573)
(1130,0.6051282051282051)
(1824,0.6346037507562009)
(2156,0.2849002849002849)
(722,0.7142857142857143)
(1934,0.4090909090909091)
(2100,1.0)
(630,0.3535762483130904)
(1270,1.0)
(2916,0.5707030205827319)
(3154,0.25396825396825395)
(1012,0.42943548387096775)
(556,0.4450354609929078)
(1768,0.41010305483989695)
(476,1.0)
(950,0.5777777777777777)
(2308,0.836641852770885)
(894,0.8333333333333334)
(1590,0.48171368861024033)
(3992,1.0)
(110,1.0)
(3750,0.5147783251231527)
(322,0.2918622848200313)
(896,0.38603174603174606)
(3070,0.6187202538339502)
(2642,0.4360704911886014)
(3078,0.5584415584415584)
(3714,0.6184615384615385)
(1078,0.5005704677835825)
(1638,0.696969696969697)
(218,1.0)
(4026,0.6388888888888888)
(824,0.42710223835450695)
(760,0.7126436781609196)
(2182,0.8214285714285714)
(56,0.34865134865134867)
(2742,0.4058470764617691)
(920,0.3974358974358974)
(2302,0.5769692123150739)
(2682,0.5916666666666667)
(2878,0.38181818181818183)
(566,0.4070028011204482)
(1484,0.5844155844155844)
(708,0.5073891625615764)
(2542,0.6961276818419676)
(2416,0.6201201201201201)
(1116,0.6748768472906403)
(3088,0.5111111111111111)
(2546,0.8039044289044289)
(3838,0.3945355191256831)
(2474,0.39384615384615385)
(3278,0.4619883040935672)
(2936,0.4378531073446328)
(3826,0.5665322580645161)
(3960,0.75)
(1578,0.6793650793650794)
(2516,0.6442006269592476)
(3786,0.5476190476190477)
(1814,0.6)
(2994,0.4793269230769231)
(3034,0.24141749723145073)
(1562,0.5111111111111111)
(768,0.4065934065934066)
(3894,0.6111111111111112)
(1776,1.0)
(2532,0.891644204851752)
(3242,0.3333333333333333)
(3094,0.8095238095238095)
(3618,0.7578947368421053)
(2630,0.7998386879956983)
(2986,0.5127272727272727)
(3592,0.3333333333333333)
(440,0.6593406593406593)
(526,0.2457395329265727)
(502,0.7818181818181819)
(1738,0.5784615384615385)
(2484,0.8419047619047619)
(1478,0.6985294117647058)
(1662,0.5343410486537553)
(856,0.31713900134952766)
(1074,0.4864311315924219)
(80,0.5217391304347826)
(2526,0.6689997244419951)
(2384,0.44612583911707815)
(1048,0.5092542677448337)
(3728,0.6587301587301587)
(2376,0.7501726194212541)
(3612,0.25146198830409355)
(1436,0.3080459770114943)
(352,0.7707509881422925)
(3968,0.47729468599033814)
(1056,0.5442307692307692)
(2614,0.4411764705882353)
(1936,0.5324675324675324)
(270,0.8333333333333334)
(1626,0.3588588588588589)
(2418,0.8723843206601827)
(998,0.5833333333333334)
(2962,0.3684210526315789)
(90,1.0)
(3584,0.32482993197278914)
(3950,0.26666666666666666)
(342,0.5775401069518716)
(864,0.8)
(1114,0.4438122332859175)
(3622,0.6363636363636364)
(2358,0.7333333333333333)
(2740,1.0)
(2888,0.6190476190476191)
(1542,0.7185185185185186)
(424,0.8088235294117647)
(2984,0.4057971014492754)
(3256,0.23911930363543266)
(200,0.4342105263157895)
(1440,0.36507936507936506)
(3198,0.3058823529411765)
(3916,0.5238095238095238)
(142,0.530454042081949)
(538,0.3322641005078856)
(220,1.0)
(3224,0.45521885521885525)
(3800,0.483843537414966)
(1640,0.8571428571428571)
(1990,0.6210526315789474)
(2476,0.5841269841269842)
(250,0.8)
(3152,0.43221288515406164)
(972,0.7952380952380952)
(1456,0.5604904001850567)
(2942,0.4888888888888889)
(710,0.75)
(1756,0.7583333333333333)
(690,0.8611111111111112)
(1240,0.2857142857142857)
(1892,0.9696969696969697)
(780,0.5757575757575758)
(2552,0.8650257400257401)
(2728,0.5064011379800853)
(1748,0.8205128205128205)
(308,0.4746376811594203)
(3720,0.5333333333333333)
(1836,0.6333333333333333)
(2,0.8888888888888888)
(3840,0.8939393939393939)
(554,0.7777777777777778)
(1138,0.5274725274725275)
(3844,1.0)
(2172,0.7378562176165803)
(1278,0.6793650793650794)
(946,0.48477546549835704)
(3200,0.7090909090909091)
(3120,0.6012072434607646)
(2406,0.5285714285714286)
(2428,0.7329291815927252)
(1512,0.5668449197860963)
(1038,0.5)
(3926,0.512735326688815)
(1554,0.5078616352201258)
(748,0.5321637426900585)
(2046,0.880714380914301)
(3596,0.3321477428180575)
(746,0.6944444444444444)
(1764,0.74)
(2042,0.687061403508772)
(938,0.8226600985221675)
(716,0.5909090909090909)
(1464,0.5969230769230769)
(3290,0.8)
(2970,0.8128964059196617)
(108,0.7948717948717948)
(1256,0.5213930348258706)
(3632,0.5333333333333333)
(3862,0.7660818713450293)
(540,0.5714285714285714)
(1384,0.3939393939393939)
(870,0.7142857142857143)
(2082,0.477124183006536)
(410,0.6761904761904762)
(1236,0.43410852713178294)
(2024,0.6574746008708273)
(2990,0.6923076923076923)
(3582,1.0)
(1524,0.6902439024390243)
(48,0.329004329004329)
(2996,0.26720647773279355)
(1482,0.4651360544217687)
(2766,0.5512820512820513)
(1088,0.43956043956043955)
(2260,0.33157894736842103)
(2148,0.7176029962546816)
(3188,0.42274509803921567)
(4034,1.0)
(3580,0.6111111111111112)
(468,1.0)
(1312,0.5588607594936709)
(3028,0.5606060606060606)
(392,0.6518218623481782)
(3954,0.8333333333333334)
(3654,0.7121212121212122)
(3948,0.4091174751607247)
(448,1.0)
(478,0.5714285714285714)
(776,0.6666666666666666)
(932,0.49923195084485406)
(68,0.8333333333333334)
(2556,0.8173810921902525)
(386,0.6666666666666666)
(1260,0.6088193456614509)
(324,0.36615384615384616)
(180,0.7578947368421053)
(1868,0.5632231404958677)
(320,0.48095238095238096)
(1734,0.6488095238095238)
(408,0.5212121212121212)
(1036,0.6944948578342408)
(996,0.6666666666666666)
(346,0.5299145299145299)
(1976,0.5721997300944669)
(24,0.9)
(520,0.5714285714285714)
(146,0.4666666666666667)
(2510,0.5961070559610706)
(514,0.4895833333333333)
(390,0.8)
(934,0.7431496537187594)
(2214,0.43874643874643876)
(1060,0.592156862745098)
(3532,0.4095238095238095)
(1570,0.4961972200367165)
(576,0.978021978021978)
(1162,0.6785714285714286)
(3382,0.9117647058823529)
(810,0.6532258064516129)
(628,0.9242424242424242)
(712,0.5)
(3822,0.5747126436781609)
(2854,0.37936507936507935)
(3718,0.6210826210826211)
(3480,0.6633333333333333)
(3054,0.5022039377020276)
(2848,0.23333333333333334)
(3052,0.4555102040816327)
(3812,0.6190476190476191)
(1882,0.5286274509803922)
(2778,0.4311310190369541)
(2960,0.5212613473483039)
(954,0.5912457912457912)
(3502,0.8214285714285714)
(3704,1.0)
(2254,0.6441947565543071)
(22,0.4727272727272727)
(3672,0.34967622571692875)
(3258,0.44680851063829785)
(3538,0.6789473684210526)
(3420,0.541501976284585)
(3772,0.5)
(1838,0.6)
(3208,0.3333333333333333)
(3638,0.6363636363636364)
(2882,0.28888888888888886)
(626,0.7912087912087912)
(2266,0.5933017864348337)
(3358,0.5454545454545454)
(3320,0.34876738305941846)
(3494,0.5)
(2872,0.6207017543859649)
(1910,0.36774193548387096)
(590,0.4725274725274725)
(136,0.32137161084529503)
(1250,0.5355302705023616)
(1828,0.4974025974025974)
(2372,0.6600732600732601)
(2392,0.8279980888676541)
(2554,0.895278167367929)
(524,0.5808531746031746)
(962,0.43874643874643876)
(1010,0.4015873015873016)
(2022,0.6465306122448979)
(216,1.0)
(1636,0.5850991114149009)
(884,0.8333333333333334)
(1402,0.6253239540910773)
(246,0.5934065934065934)
(3816,0.6666666666666666)
(3126,0.9642857142857143)
(1946,0.76268944612841)
(2090,0.7917370257795789)
(2610,0.4054901960784314)
(3990,1.0)
(3866,0.5614035087719298)
(1664,0.6)
(2786,0.45466899631139585)
(1198,0.725242433147223)
(2402,0.7047619047619048)
(3210,0.45054945054945056)
(736,0.4175824175824176)
(78,1.0)
(144,0.7047619047619048)
(2448,0.5056818181818182)
(3136,0.23426758328926495)
(494,0.7470355731225297)
(2708,0.6541889483065954)
(3056,0.5347985347985348)
(404,0.4894117647058824)
(782,0.38461538461538464)
(3560,1.0)
(3150,0.40551583248212464)
(3780,0.5583333333333333)
(1264,0.7)
(1758,0.1794871794871795)
(310,0.5384615384615384)
(774,0.481981981981982)
(2940,0.6036706349206349)
(1696,0.4393939393939394)
(1770,0.42645698427382056)
(3610,0.3238095238095238)
(2492,0.7922300514187773)
(1428,0.49261083743842365)
(3744,1.0)
(1374,0.6178861788617886)
(3512,0.44871794871794873)
(794,0.7912087912087912)
(438,0.48772635814889337)
(164,0.6666666666666666)
(1368,0.8444444444444444)
(1574,0.3835368611488014)
(2686,0.45652173913043476)
(1210,0.4576923076923077)
(3454,0.26373626373626374)
(3574,0.638095238095238)
(2782,0.4965285083105407)
(3604,0.292280701754386)
(1146,0.515422607399124)
(474,0.7052631578947368)
(2660,0.7652916073968705)
(3016,0.4187192118226601)
(650,0.8917748917748918)
(2636,0.7596017069701281)
(1022,0.8333333333333334)
(2952,0.6666666666666666)
(3042,0.45263157894736844)
(1896,0.3888888888888889)
(3048,0.41904761904761906)
(1564,0.6166666666666667)
(2736,1.0)
(1700,0.625)
(730,0.6190476190476191)
(2016,0.8300653594771242)
(2772,0.17825311942959002)
(402,0.5238095238095238)
(1704,0.6233333333333333)
(256,1.0)
(462,0.6783625730994152)
(2086,0.8471677559912854)
(4030,0.3684210526315789)
(3268,1.0)
(1174,0.7189542483660131)
(3514,0.5804878048780487)
(3102,0.7899659863945578)
(1598,0.5237472766884531)
(3978,0.6666666666666666)
(2122,0.8367501180916391)
(3246,0.6153846153846154)
(2098,0.8480695549661067)
(1806,0.4495967741935484)
(3114,0.4270531400966184)
(2866,0.5870795870795871)
(2862,0.5597585513078471)
(2028,0.6975741239892184)
(172,0.45975609756097563)
(916,0.482900009318796)
(2472,0.5663021189336979)
(2738,0.4025859535703791)
(2184,0.7582098227259517)
(3212,0.5176470588235295)
(2950,0.3342198581560284)
(3134,1.0)
(1864,0.4930347381414213)
(284,0.7)
(1956,0.5)
(1672,0.5233333333333333)
(914,0.6333333333333333)
(3828,0.5343915343915344)
(1154,0.5)
(516,0.7315789473684211)
(830,0.4356902356902357)
(840,0.6182336182336182)
(3036,0.45803698435277385)
(3410,0.7416666666666667)
(3652,0.6190476190476191)
(3368,0.8888888888888888)
(16,0.6666666666666666)
(2562,0.3956043956043956)
(2176,0.48320070733863835)
(3308,0.8888888888888888)
(54,0.5714285714285714)
(286,1.0)
(1978,0.8571428571428571)
(1790,0.38975817923186346)
(2124,0.8083262890955198)
(2998,0.6666666666666666)
(380,0.9454545454545454)
(132,0.4)
(1052,0.3271889400921659)
(2162,0.5523809523809524)
(1152,0.6544117647058824)
(2884,0.4666666666666667)
(500,0.3726124008228034)
(660,1.0)
(10,0.8222222222222222)
(3578,0.7246376811594203)
(2152,0.28104575163398693)
(2404,0.7367211973546816)
(2218,0.7252510760401721)
(3004,0.6015965166908563)
(2456,0.42857142857142855)
(2900,0.8727272727272727)
(2566,0.64)
(2690,0.22580645161290322)
(3252,0.5521203830369357)
(260,0.39285714285714285)
(490,0.6153846153846154)
(844,0.8351648351648352)
(2278,0.7509135605607601)
(314,0.4230769230769231)
(900,0.5512820512820513)
(3138,0.42105263157894735)
(3352,0.9487179487179487)
(598,0.8333333333333334)
(3402,0.6)
(2252,0.9777777777777777)
(3098,0.6038461538461538)
(2692,0.8)
(3784,0.5151515151515151)
(356,0.6666666666666666)
(2282,0.5317884729649436)
(3588,0.8333333333333334)
(3106,0.5668958223162348)
(3630,0.8846153846153846)
(340,0.7333333333333333)
(2076,0.7426470588235294)
(2258,0.8324829931972789)
(2670,0.7953216374269005)
(582,0.9761904761904762)
(1546,1.0)
(2006,0.6779788838612368)
(3874,0.9120879120879121)
(1314,0.7630769230769231)
(2828,0.5547785547785548)
(904,0.6666666666666666)
(170,0.4714975845410628)
(2038,0.47580967612954816)
(3528,0.6492063492063492)
(1008,0.32142857142857145)
(2466,0.7818181818181819)
(732,0.6043956043956044)
(1652,0.5817901234567902)
(1742,0.5173644920480364)
(2934,0.43157894736842106)
(926,0.5095238095238095)
(3216,0.6666666666666666)
(1364,0.7424242424242424)
(3774,0.7973856209150327)
(2858,0.33088235294117646)
(2414,0.7727736744130187)
(1446,0.5682539682539682)
(2450,0.6666666666666666)
(3594,0.9696969696969697)
(728,0.45376955903271693)
(2094,0.9047619047619048)
(2468,0.553030303030303)
(4000,0.5833333333333334)
(644,0.58)
(112,1.0)
(1284,0.5751412429378531)
(3988,0.6190476190476191)
(1612,0.4755778334725703)
(3396,0.4298245614035088)
(1514,0.6201680672268908)
(1028,0.6445047489823609)
(184,0.6339869281045751)
(1412,0.42424242424242425)
(632,0.9047619047619048)
(1476,0.7)
(1872,0.5942857142857143)
(1668,0.6221379216908278)
(1962,0.781381174170548)
(3640,0.5644599303135889)
(974,0.7454545454545455)
(544,0.48801447308909995)
(2512,0.5124542124542124)
(2084,0.7031408308004052)
(2676,0.5642080517190714)
(126,0.7619047619047619)
(1348,0.5690690690690691)
(2238,0.34615384615384615)
(2502,0.5526024363233666)
(2572,0.7017543859649122)
(1442,0.8)
(186,0.4978858350951374)
(832,0.8333333333333334)
(4004,0.5333333333333333)
(3598,0.8727272727272727)
(1254,0.6)
(1594,0.35)
(1958,0.7415329768270945)
(198,0.4696969696969697)
(1272,0.5516351118760757)
(2226,0.3607843137254902)
(2810,0.5160314579552329)
(3506,0.34397163120567376)
(2656,0.4083333333333333)
(168,0.6909090909090909)
(3428,0.4642857142857143)
(1016,1.0)
(2796,0.5485875706214689)
(1520,0.54096669613911)
(2730,0.20250255362614913)
(1950,0.803030303030303)
(1510,0.8333333333333334)
(1954,0.5046750818139317)
(2784,0.2671957671957672)
(82,0.41711229946524064)
(3486,0.6183908045977011)
(3390,0.4766666666666667)
(766,0.5899159663865546)
(3450,0.7647058823529411)
(866,0.7)
(222,0.7454545454545455)
(1394,1.0)
(3424,0.9523809523809523)
(3144,0.26666666666666666)
(3510,0.6105263157894737)
(1810,0.6004659289458357)
(3876,0.9722222222222222)
(214,0.5661764705882353)
(1474,0.8333333333333334)
(2638,0.8240233661920409)
(472,0.4)
(654,0.49053030303030304)
(2126,0.2802236198462614)
(414,0.1351803200382135)
(3734,0.5153061224489796)
(3550,0.4502923976608187)
(3204,0.47641073080481033)
(4002,0.5238095238095238)
(3782,0.3911290322580645)
(546,0.5241379310344828)
(1650,0.3476190476190476)
(1382,0.8402439024390244)
(1526,0.4935064935064935)
(1558,1.0)
(336,1.0)
(2568,0.8909090909090909)
(3952,0.8333333333333334)
(942,0.5855769230769231)
(3736,0.6515151515151515)
(4032,1.0)
(1372,1.0)
(2598,0.5594044590752656)
(2834,0.8055555555555556)
(1698,0.672514619883041)
(1746,0.47283385054923405)
(2240,0.7339303482587065)
(3376,1.0)
(1572,0.7397563676633444)
(2592,0.5849032258064516)
(1634,0.5149359886201992)
(3026,0.4456140350877193)
(1646,0.5032679738562091)
(1522,0.49421009098428453)
(2832,0.2988505747126437)
(1986,0.771327829377365)
(32,1.0)
(2222,0.6705314009661836)
(1238,0.4648832345765075)
(2864,0.5297297297297298)
(3864,1.0)
(1244,0.4393939393939394)
(3814,0.7857142857142857)
(3384,0.608843537414966)
(2944,0.43090745732255165)
(382,0.8181818181818182)
(1582,0.8)
(3288,0.42819148936170215)
(3830,0.1806853582554517)
(1820,0.5789235639981909)
(1164,0.7749287749287749)
(3868,0.7908496732026143)
(2382,1.0)
(412,0.33044733044733043)
(1432,0.6202020202020202)
(3806,0.7333333333333333)
(2776,0.7333333333333333)
(3446,0.7272727272727273)
(2292,0.5493956647687543)
(104,0.6088709677419355)
(458,0.4492307692307692)
(1886,0.5811355311355312)
(3684,0.34780642243328813)
(868,1.0)
(3776,0.7076023391812866)
(1902,0.5348837209302325)
(2812,0.18666666666666668)
(1034,1.0)
(1568,0.9236453201970444)
(1588,0.6363636363636364)
(2624,0.7690294686539993)
(1018,0.5952941176470589)
(2816,0.8363636363636363)
(1506,0.9285714285714286)
(3160,0.49885057471264366)
(3448,0.47178538390379277)
(1376,0.48454860057070004)
(568,0.4393939393939394)
(2268,0.4338700059630292)
(2440,0.49376114081996436)
(578,0.9021739130434783)
(2232,0.46398390342052315)
(2208,0.683982683982684)
(3110,0.35294117647058826)
(908,0.4475806451612903)
(3628,0.525691699604743)
(3850,0.6421052631578947)
(790,0.8333333333333334)
(1712,0.6177655677655678)
(2104,0.7936771025168815)
(594,0.35714285714285715)
(3316,0.7975708502024291)
(2794,0.7660818713450293)
(264,1.0)
(442,0.6666666666666666)
(3326,0.3)
(3074,0.9333333333333333)
(3112,0.7727272727272727)
(3522,0.5)
(2096,0.7523809523809524)
(1000,0.5333333333333333)
(982,0.6286215978928885)
(1204,0.43290424969141245)
(2978,0.44)
(570,0.5008403361344538)
(1798,0.8021390374331551)
(2400,0.7485380116959064)
(2044,0.7033333333333334)
(1878,0.5697478991596638)
(2072,0.5687984496124031)
(1846,0.4310099573257468)
(1694,0.41532976827094475)
(2652,0.8903061224489796)
(3738,0.4206896551724138)
(3920,0.875)
(2574,0.8254330858557015)
(792,0.6403162055335968)
(2432,0.7724867724867724)
(3660,0.4666666666666667)
(1628,0.5492321589882565)
(3464,0.410752688172043)
(416,0.5761904761904761)
(3100,0.36185383244206776)
(2982,0.9523809523809523)
(1160,0.5613897596656218)
(2758,0.3516908212560386)
(680,0.5584045584045584)
(3508,0.43478260869565216)
(3878,0.6)
(3084,0.44456140350877194)
(788,0.6666666666666666)
(2216,0.8452950558213717)
(564,0.7222222222222222)
(1444,0.4959677419354839)
(2390,0.8333333333333334)
(724,0.484736355226642)
(276,0.7516339869281046)
(2576,0.6313131313131313)
(2048,0.3897058823529412)
(1536,0.26287262872628725)
(3634,0.7359307359307359)
(1460,0.4579710144927536)
(1490,0.9444444444444444)
(2264,0.5427027027027027)
(2504,0.8185430463576159)
(3286,0.5177865612648221)
(3564,0.47058823529411764)
(880,0.8214285714285714)
(604,0.6218487394957983)
(1964,0.2519736842105263)
(3676,1.0)
(3682,0.5555555555555556)
(3558,0.40825035561877665)
(3586,0.4788583509513742)
(522,0.7636363636363637)
